     1
     5
     7
     9
    12
    16
    18
    21
    23
    25
    27
    29
    32
    35
    36
    39
    41
    44
    48
    51
    54
    57
    59
    61
    63
    66
    68
    70
    72
    75
    77
    80
    83
    86
    89
    90
    93
    96
    98
   100
   102
   103
   106
   107
   111
   112
   114
   118
   121
   122
   124
   127
   129
   132
   133
   136
   138
   142
   144
   147
   149
   153
   155
   159
   161
   163
   165
   170
   172
   174
   176
   178
   182
   184
   187
   189
   192
   195
   198
   201
   203
   206
   208
   210
   214
   215
   219
   222
   223
   227
   230
   233
   237
   240
   241
   246
   248
   252
   254
   257
   259
   261
   263
   266
   268
   271
   273
   276
   279
   283
   285
   288
   292
   294
   297
   301
   303
   307
   310
   312
   315
   318
   322
   324
   327
   329
   332
   334
   337
   339
   341
   345
   347
   350
   353
   356
   359
   362
   364
   367
   369
   372
   375
   379
   383
   386
   389
   391
   394
   397
   400
   401
   406
   409
   412
   414
   418
   420
   423
   426
   430
   432
   435
   439
   441
   444
   447
   450
   453
   456
   458
   461
   464
   468
   470
   473
   477
   481
   483
   487
   489
   492
   493
   496
   497
   500
   503
   506
   509
   510
   513
   516
   518
   522
   525
   529
   531
   534
   537
   540
   542
   546
   549
   552
   555
   558
   561
   565
   568
   570
   573
   575
   577
   581
   583
   585
   588
   591
   593
   597
   601
   604
   607
   610
   614
   617
   621
   625
   629
   633
   636
   640
   643
   645
   650
   653
   658
   660
   662
   664
   667
   669
   672
   674
   678
   680
   685
   687
   690
   692
   695
   699
   703
   707
   710
   713
   715
   718
   721
   725
   729
   732
   736
   739
   741
   744
   746
   748
   750
   752
   755
   756
   759
   761
   764
   768
   771
   773
   775
   777
   779
   782
   785
   787
   790
   793
   796
   799
   802
   804
   808
   810
   812
   815
   817
   820
   824
   827
   829
   832
   835
   838
   841
   843
   846
   849
   851
   854
   857
   860
   862
   865
   869
   871
   873
   875
   879
   882
   886
   888
   891
   894
   896
   899
   901
   903
   905
   908
   910
   913
   918
   920
   923
   926
   928
   932
   935
   938
   941
   945
   947
   951
   953
   957
   959
   962
   964
   967
   971
   975
   979
   981
   984
   987
   990
   992
   995
   999
  1003
  1006
  1010
  1013
  1016
  1018
  1022
  1024
  1025
  1027
  1030
  1032
  1036
  1038
  1040
  1044
  1047
  1051
  1053
  1057
  1059
  1063
  1067
  1069
  1073
  1077
  1081
  1082
  1085
  1087
  1090
  1094
  1095
  1099
  1100
  1103
  1106
  1109
  1111
  1116
  1118
  1121
  1124
  1127
  1130
  1133
  1135
  1137
  1139
  1142
  1144
  1147
  1148
  1152
  1155
  1158
  1162
  1165
  1168
  1171
  1173
  1177
  1179
  1184
  1186
  1189
  1192
  1195
  1197
  1200
  1203
  1206
  1210
  1212
  1216
  1220
  1224
  1228
  1231
  1234
  1238
  1241
  1244
  1247
  1249
  1253
  1255
  1258
  1259
  1262
  1265
  1268
  1270
  1273
  1276
  1277
  1280
  1281
  1284
  1285
  1288
  1289
  1292
  1293
  1296
  1297
  1298
  1302
  1305
  1306
  1309
  1310
  1313
  1314
  1316
  1320
  1324
  1328
  1329
  1330
  1331
  1332
  1335
  1339
  1342
  1346
  1348
  1351
  1354
  1357
  1359
  1362
  1364
  1368
  1370
  1373
  1376
  1379
  1382
  1385
  1388
  1391
  1392
  1396
  1398
  1401
  1403
  1406
  1409
  1412
  1415
  1417
  1422
  1425
  1428
  1430
  1433
  1434
  1435
  1438
  1442
  1446
  1447
  1449
  1453
  1457
  1460
  1463
  1466
  1468
  1471
  1473
  1476
  1478
  1481
  1483
  1488
  1490
  1493
  1496
  1498
  1503
  1505
  1509
  1511
  1514
  1516
  1518
  1521
  1524
  1527
  1530
  1533
  1535
  1538
  1541
  1544
  1547
  1551
  1553
  1556
  1559
  1562
  1565
  1568
  1570
  1572
  1575
  1578
  1581
  1584
  1587
  1589
  1591
  1593
  1595
  1596
  1599
  1602
  1606
  1608
  1610
  1614
  1615
  1618
  1621
  1624
  1627
  1628
  1631
  1634
  1637
  1641
  1645
  1648
  1651
  1654
  1657
  1661
  1664
  1667
  1671
  1673
  1676
  1679
  1682
  1684
  1687
  1689
  1692
  1695
  1698
  1700
  1704
  1706
  1709
  1712
  1715
  1717
  1720
  1722
  1726
  1728
  1730
  1736
  1738
  1741
  1744
  1747
  1748
  1751
  1754
  1756
  1760
  1763
  1766
  1769
  1771
  1774
  1775
  1778
  1782
  1785
  1788
  1791
  1793
  1795
  1799
  1801
  1804
  1806
  1809
  1812
  1815
  1818
  1821
  1825
  1828
  1829
  1832
  1834
  1837
  1838
  1841
  1842
  1845
  1846
  1849
  1851
  1854
  1858
  1861
  1863
  1866
  1868
  1871
  1872
  1875
  1878
  1881
  1884
  1887
  1890
  1893
  1897
  1900
  1902
  1904
  1907
  1908
  1910
  1912
  1914
  1917
  1920
  1923
  1926
  1929
  1931
  1934
  1936
  1938
  1940
  1943
  1945
  1947
  1949
  1952
  1954
  1956
  1958
  1961
  1963
  1965
  1968
  1972
  1974
  1976
  1978
  1980
  1982
  1984
  1986
  1988
  1990
  1992
  1995
  1996
  1999
  2003
  2006
  2008
  2011
  2014
  2017
  2021
  2024
  2028
  2030
  2033
  2036
  2039
  2041
  2043
  2045
  2047
  2049
  2052
  2055
  2058
  2059
  2061
  2063
  2068
  2072
  2075
  2079
  2082
  2085
  2087
  2089
  2092
  2095
  2099
  2101
  2103
  2105
  2108
  2111
  2114
  2117
  2120
  2123
  2124
  2127
  2130
  2133
  2135
  2137
  2140
  2142
  2144
  2147
  2150
  2153
  2154
  2157
  2158
  2161
  2164
  2165
  2168
  2171
  2173
  2176
  2179
  2181
  2184
  2186
  2188
  2190
  2193
  2196
  2199
  2202
  2205
  2207
  2210
  2212
  2216
  2218
  2221
  2224
  2227
  2230
  2233
  2236
  2239
  2243
  2246
  2247
  2250
  2254
  2258
  2262
  2265
  2267
  2270
  2273
  2276
  2278
  2280
  2283
  2285
  2288
  2291
  2293
  2296
  2297
  2298
  2302
  2303
  2306
  2309
  2312
  2315
  2318
  2320
  2324
  2327
  2330
  2333
  2335
  2338
  2341
  2344
  2347
  2348
  2351
  2355
  2358
  2361
  2362
  2365
  2367
  2370
  2371
  2373
  2377
  2380
  2382
  2385
  2388
  2391
  2394
  2396
  2399
  2402
  2404
  2407
  2410
  2412
  2414
  2417
  2419
  2420
  2423
  2426
  2429
  2431
  2435
  2437
  2441
  2444
  2447
  2449
  2452
  2454
  2457
  2459
  2462
  2465
  2467
  2470
  2472
  2475
  2477
  2478
  2481
  2483
  2485
  2487
  2490
  2492
  2494
  2496
  2498
  2500
  2502
  2504
  2506
  2509
  2511
  2514
  2517
  2520
  2521
  2523
  2525
  2527
  2530
  2532
  2534
  2538
  2542
  2545
  2547
  2550
  2553
  2556
  2559
  2562
  2563
  2566
  2569
  2571
  2572
  2576
  2579
  2580
  2583
  2586
  2589
  2591
  2592
  2595
  2598
  2599
  2602
  2603
  2605
  2607
  2608
  2611
  2614
  2617
  2620
  2621
  2625
  2628
  2631
  2633
  2637
  2638
  2641
  2643
  2644
  2647
  2650
  2653
  2657
  2660
  2663
  2666
  2668
  2672
  2676
  2678
  2681
  2683
  2686
  2688
  2692
  2696
  2699
  2700
  2703
  2706
  2708
  2712
  2715
  2718
  2719
  2722
  2725
  2728
  2732
  2734
  2738
  2740
  2743
  2745
  2747
  2749
  2753
  2756
  2759
  2761
  2764
  2765
  2766
  2768
  2770
  2773
  2776
  2780
  2784
  2787
  2789
  2791
  2794
  2797
  2800
  2803
  2804
  2807
  2810
  2813
  2816
  2819
  2823
  2824
  2828
  2831
  2834
  2837
  2840
  2841
  2844
  2847
  2850
  2851
  2853
  2856
  2859
  2860
  2863
  2866
  2867
  2870
  2871
  2874
  2875
  2878
  2881
  2885
  2886
  2889
  2890
  2893
  2894
  2897
  2898
  2901
  2902
  2905
  2908
  2911
  2914
  2917
  2918
  2921
  2922
  2925
  2926
  2929
  2930
  2933
  2934
  2937
  2940
  2943
  2946
  2948
  2950
  2952
  2953
  2956
  2957
  2961
  2963
  2966
  2967
  2970
  2971
  2973
  2975
  2976
  2979
  2981
  2983
  2985
  2988
  2990
  2993
  2997
  3000
  3002
  3005
  3008
  3011
  3012
  3015
  3016
  3019
  3021
  3024
  3027
  3028
  3031
  3032
  3035
  3038
  3041
  3044
  3047
  3048
  3051
  3052
  3055
  3056
  3059
  3060
  3063
  3065
  3067
  3070
  3073
  3075
  3076
  3079
  3082
  3084
  3087
  3088
  3089
  3092
  3095
  3098
  3101
  3103
  3106
  3107
  3110
  3111
  3113
  3116
  3119
  3121
  3124
  3126
  3129
  3132
  3135
  3136
  3139
  3142
  3145
  3148
  3151
  3152
  3154
  3155
  3158
  3162
  3164
  3165
  3168
  3171
  3172
  3175
  3177
  3180
  3183
  3186
  3187
  3192
  3194
  3197
  3199
  3202
  3204
  3207
  3210
  3213
  3215
  3218
  3220
  3224
  3226
  3228
  3230
  3232
  3234
  3237
  3240
  3243
  3245
  3247
  3248
  3251
  3254
  3258
  3259
  3262
  3263
  3264
  3265
  3268
  3271
  3272
  3275
  3277
  3280
  3281
  3282
  3284
  3287
  3290
  3291
  3294
  3297
  3300
  3303
  3304
  3305
  3308
  3309
  3310
  3311
  3314
  3317
  3320
  3321
  3322
  3325
  3328
  3332
  3334
  3337
  3338
  3341
  3345
  3347
  3350
  3353
  3354
  3357
  3359
  3362
  3363
  3366
  3369
  3372
  3374
  3375
  3378
  3381
  3383
  3386
  3389
  3390
  3392
  3394
  3396
  3398
  3400
  3403
  3405
  3407
  3409
  3411
  3413
  3415
  3417
  3419
  3421
  3423
  3425
  3426
  3427
  3430
  3432
  3436
  3439
  3440
  3443
  3446
  3449
  3451
  3452
  3456
  3457
  3460
  3462
  3463
  3466
  3467
  3470
  3473
  3476
  3477
  3478
  3482
  3486
  3489
  3490
  3493
  3496
  3499
  3502
  3505
  3508
  3512
  3515
  3516
  3520
  3523
  3526
  3529
  3532
  3535
  3538
  3541
  3544
  3547
  3550
  3553
  3554
  3557
  3560
  3563
  3566
  3570
  3573
  3576
  3579
  3582
  3585
  3588
  3591
  3594
  3597
  3601
  3604
  3606
  3607
  3608
  3611
  3614
  3618
  3621
  3623
  3624
  3625
  3628
  3633
  3635
  3637
  3639
  3643
  3646
  3648
  3650
  3652
  3654
  3657
  3659
  3661
  3664
  3667
  3669
  3672
  3674
  3678
  3680
  3682
  3684
  3688
  3691
  3694
  3697
  3700
  3703
  3706
  3709
  3711
  3714
  3717
  3720
  3724
  3728
  3730
  3733
  3735
  3738
  3740
  3742
  3745
  3747
  3750
  3752
  3755
  3760
  3763
  3767
  3769
  3772
  3775
  3778
  3781
  3785
  3789
  3792
  3795
  3798
  3799
  3801
  3803
  3805
  3807
  3810
  3812
  3815
  3819
  3822
  3824
  3827
  3829
  3832
  3835
  3836
  3839
  3841
  3844
  3847
  3850
  3852
  3854
  3855
  3859
  3862
  3865
  3867
  3868
  3870
  3873
  3877
  3879
  3882
  3884
  3887
  3890
  3893
  3896
  3900
  3902
  3905
  3908
  3911
  3912
  3915
  3918
  3920
  3923
  3926
  3929
  3930
  3934
  3936
  3938
  3940
  3942
  3945
  3947
  3949
  3951
  3954
  3956
  3958
  3959
  3960
  3961
  3964
  3965
  3967
  3968
  3969
  3970
  3972
  3975
  3978
  3979
  3982
  3983
  3986
  3989
  3990
  3991
  3994
  3997
  4000
  4003
  4006
  4007
  4010
  4011
  4014
  4015
  4019
  4022
  4025
  4027
  4030
  4033
  4036
  4039
  4040
  4044
  4047
  4048
  4051
  4052
  4055
  4056
  4060
  4061
  4064
  4065
  4068
  4069
  4072
  4073
  4076
  4079
  4082
  4085
  4088
  4089
  4092
  4095
  4098
  4101
  4104
  4105
  4108
  4109
  4112
  4114
  4117
  4118
  4121
  4122
  4125
  4126
  4129
  4130
  4133
  4135
  4137
  4139
  4140
  4143
  4146
  4147
  4150
  4151
  4155
  4156
  4159
  4162
  4165
  4168
  4171
  4174
  4177
  4178
  4180
  4182
  4185
  4189
  4193
  4196
  4199
  4200
  4203
  4204
  4207
  4208
  4211
  4212
  4215
  4216
  4219
  4220
  4223
  4225
  4228
  4232
  4235
  4238
  4239
  4242
  4245
  4246
  4247
  4250
  4253
  4254
  4255
  4258
  4261
  4264
  4265
  4269
  4270
  4273
  4275
  4278
  4279
  4282
  4283
  4286
  4287
  4290
  4291
  4294
  4297
  4299
  4302
  4303
  4304
  4307
  4312
  4313
  4316
  4319
  4321
  4323
  4326
  4329
  4330
  4333
  4336
  4339
  4340
  4343
  4344
  4347
  4350
  4351
  4353
  4354
  4357
  4358
  4361
  4362
  4365
  4366
  4369
  4372
  4375
  4377
  4380
  4381
  4384
  4388
  4389
  4390
  4393
  4394
  4397
  4398
  4401
  4402
  4405
  4406
  4409
  4412
  4415
  4416
  4420
  4421
  4422
  4423
  4424
  4428
  4431
  4434
  4438
  4442
  4445
  4449
  4453
  4456
  4458
  4461
  4463
  4465
  4467
  4468
  4471
  4472
  4475
  4476
  4479
  4480
  4483
  4484
  4487
  4488
  4491
  4494
  4497
  4498
  4501
  4504
  4505
  4509
  4511
  4512
  4515
  4516
  4517
  4518
  4521
  4524
  4527
  4528
  4531
  4534
  4537
  4541
  4542
  4543
  4546
  4547
  4550
  4551
  4554
  4557
  4559
  4560
  4563
  4564
  4566
  4570
  4572
  4575
  4577
  4581
  4584
  4587
  4589
  4592
  4595
  4598
  4601
  4603
  4606
  4609
  4612
  4616
  4618
  4621
  4622
  4625
  4628
  4631
  4634
  4637
  4640
  4643
  4647
  4650
  4653
  4656
  4659
  4662
  4665
  4666
  4669
  4672
  4675
  4676
  4679
  4680
  4681
  4684
  4685
  4688
  4689
  4692
  4695
  4698
  4702
  4705
  4707
  4710
  4713
  4716
  4719
  4721
  4724
  4727
  4728
  4732
  4734
  4738
  4742
  4746
  4750
  4753
  4757
  4758
  4761
  4765
  4767
  4768
  4770
  4773
  4776
  4778
  4782
  4785
  4788
  4791
  4794
  4797
  4800
  4801
  4804
  4806
  4809
  4812
  4814
  4816
  4818
  4821
  4823
  4825
  4827
  4829
  4832
  4834
  4836
  4838
  4840
  4843
  4846
  4847
  4850
  4851
  4854
  4855
  4856
  4859
  4862
  4864
  4867
  4868
  4871
  4872
  4875
  4876
  4877
  4880
  4881
  4884
  4885
  4888
  4889
  4892
  4893
  4896
  4900
  4903
  4906
  4907
  4910
  4911
  4914
  4915
  4918
  4919
  4922
  4923
  4926
  4927
  4930
  4931
  4934
  4935
  4938
  4941
  4942
  4945
  4947
  4950
  4953
  4956
  4957
  4961
  4964
  4968
  4972
  4975
  4979
  4983
  4987
  4990
  4993
  4996
  4999
  5002
  5005
  5007
  5009
  5012
  5015
  5018
  5021
  5025
  5028
  5032
  5034
  5037
  5039
  5042
  5044
  5047
  5051
  5053
  5055
  5058
  5061
  5062
  5064
  5066
  5068
  5070
  5074
  5076
  5078
  5080
  5084
  5086
  5088
  5091
  5093
  5095
  5097
  5099
  5103
  5104
  5108
  5110
  5111
  5113
  5115
  5118
  5120
  5121
  5124
  5126
  5129
  5132
  5134
  5136
  5139
  5141
  5144
  5146
  5149
  5152
  5155
  5158
  5160
  5163
  5167
  5169
  5172
  5175
  5178
  5180
  5183
  5185
  5188
  5190
  5193
  5196
  5198
  5201
  5204
  5207
  5210
  5213
  5216
  5219
  5222
  5225
  5228
  5230
  5231
  5235
  5238
  5240
  5243
  5246
  5247
  5249
  5251
  5253
  5254
  5258
  5261
  5264
  5267
  5269
  5272
  5273
  5276
  5280
  5282
  5284
  5288
  5290
  5293
  5296
  5298
  5300
  5304
  5307
  5310
  5312
  5315
  5318
  5322
  5325
  5329
  5333
  5336
  5339
  5341
  5342
  5343
  5344
  5345
  5348
  5352
  5355
  5359
  5361
  5364
  5367
  5370
  5373
  5375
  5378
  5379
  5380
  5383
  5386
  5389
  5392
  5396
  5398
  5401
  5404
  5408
  5411
  5414
  5418
  5421
  5424
  5427
  5430
  5434
  5437
  5440
  5443
  5446
  5447
  5450
  5454
  5456
  5459
  5463
  5466
  5467
  5470
  5473
  5476
  5478
  5480
  5483
  5486
  5487
  5490
  5494
  5497
  5500
  5501
  5504
  5505
  5508
  5510
  5511
  5514
  5515
  5518
  5521
  5524
  5525
  5528
  5531
  5533
  5537
  5541
  5543
  5546
  5550
  5554
  5557
  5560
  5561
  5564
  5567
  5569
  5572
  5575
  5577
  5580
  5583
  5585
  5588
  5590
  5592
  5594
  5596
  5599
  5602
  5604
  5606
  5608
  5610
  5612
  5614
  5616
  5618
  5621
  5623
  5625
  5628
  5631
  5634
  5636
  5639
  5640
  5643
  5646
  5649
  5652
  5655
  5658
  5661
  5665
  5668
  5670
  5672
  5675
  5678
  5681
  5684
  5686
  5688
  5690
  5694
  5697
  5700
  5702
  5705
  5707
  5710
  5713
  5716
  5719
  5722
  5725
  5728
  5730
  5731
  5734
  5735
  5738
  5739
  5742
  5743
  5746
  5747
  5750
  5753
  5756
  5759
  5763
  5766
  5769
  5772
  5775
  5776
  5779
  5782
  5785
  5786
  5789
  5792
  5795
  5798
  5801
  5804
  5806
  5808
  5809
  5812
  5813
  5816
  5817
  5820
  5821
  5824
  5825
  5828
  5831
  5834
  5837
  5840
  5843
  5846
  5847
  5850
  5853
  5856
  5861
  5864
  5866
  5868
  5872
  5875
  5879
  5882
  5885
  5886
  5890
  5891
  5894
  5896
  5898
  5901
  5903
  5906
  5908
  5911
  5914
  5917
  5920
  5923
  5924
  5927
  5928
  5931
  5932
  5935
  5938
  5941
  5944
  5947
  5950
  5953
  5956
  5960
  5963
  5966
  5969
  5972
  5975
  5977
  5980
  5983
  5986
  5989
  5992
  5995
  5997
  5999
  6000
  6003
  6006
  6009
  6012
  6015
  6018
  6020
  6022
  6025
  6026
  6028
  6030
  6032
  6033
  6035
  6038
  6041
  6042
  6045
  6046
  6049
  6050
  6053
  6056
  6059
  6062
  6065
  6069
  6072
  6075
  6078
  6081
  6084
  6087
  6091
  6093
  6096
  6097
  6100
  6103
  6104
  6106
  6109
  6111
  6114
  6115
  6118
  6121
  6124
  6125
  6128
  6129
  6130
  6133
  6134
  6137
  6139
  6142
  6143
  6146
  6147
  6150
  6151
  6154
  6157
  6160
  6163
  6166
  6168
  6171
  6172
  6175
  6176
  6179
  6183
  6186
  6189
  6192
  6195
  6198
  6201
  6204
  6207
  6210
  6213
  6216
  6219
  6223
  6225
  6228
  6232
  6236
  6238
  6241
  6244
  6247
  6250
  6254
  6256
  6258
  6260
  6262
  6264
  6267
  6269
  6271
  6275
  6277
  6279
  6281
  6285
  6289
  6291
  6292
  6295
  6298
  6300
  6301
  6304
  6307
  6309
  6313
  6315
  6316
  6318
  6319
  6322
  6325
  6327
  6328
  6331
  6332
  6334
  6337
  6339
  6340
  6343
  6346
  6349
  6351
  6352
  6353
  6356
  6359
  6361
  6362
  6364
  6365
  6368
  6369
  6372
  6375
  6377
  6378
  6381
  6382
  6385
  6386
  6389
  6390
  6393
  6395
  6398
  6402
  6405
  6407
  6410
  6412
  6417
  6420
  6423
  6425
  6429
  6431
  6434
  6438
  6442
  6445
  6446
  6450
  6451
  6455
  6458
  6461
  6462
  6463
  6465
  6466
  6469
  6470
  6473
  6474
  6477
  6480
  6484
  6487
  6490
  6493
  6496
  6499
  6502
  6503
  6505
  6506
  6509
  6512
  6513
  6516
  6517
  6521
  6524
  6527
  6530
  6533
  6536
  6538
  6539
  6542
  6545
  6548
  6551
  6554
  6557
  6560
  6563
  6566
  6567
  6570
  6571
  6574
  6575
  6578
  6581
  6582
  6585
  6586
  6589
  6590
  6591
  6594
  6595
  6598
  6599
  6600
  6601
  6602
  6603
  6606
  6607
  6610
  6611
  6614
  6617
  6619
  6622
  6623
  6626
  6627
  6630
  6631
  6635
  6638
  6639
  6642
  6645
  6646
  6650
  6651
  6654
  6655
  6659
  6660
  6661
  6663
  6664
  6667
  6671
  6675
  6676
  6678
  6681
  6683
  6685
  6688
  6691
  6694
  6697
  6700
  6703
  6706
  6709
  6712
  6714
  6716
  6718
  6720
  6722
  6725
  6728
  6729
  6732
  6734
  6736
  6737
  6739
  6742
  6745
  6747
  6750
  6753
  6757
  6759
  6760
  6763
  6764
  6765
  6768
  6771
  6774
  6777
  6780
  6783
  6786
  6789
  6790
  6793
  6794
  6795
  6799
  6802
  6805
  6807
  6810
  6812
  6815
  6816
  6818
  6821
  6824
  6827
  6830
  6831
  6834
  6835
  6838
  6839
  6842
  6843
  6846
  6849
  6852
  6853
  6855
  6857
  6861
  6862
  6864
  6867
  6869
  6873
  6876
  6878
  6881
  6884
  6887
  6889
  6892
  6895
  6898
  6901
  6904
  6908
  6911
  6914
  6917
  6920
  6923
  6926
  6929
  6932
  6936
  6940
  6944
  6948
  6952
  6955
  6958
  6961
  6965
  6969
  6972
  6975
  6978
  6982
  6985
  6988
  6992
  6995
  6998
  7001
  7004
  7007
  7010
  7012
  7015
  7016
  7019
  7023
  7026
  7027
  7030
  7031
  7034
  7035
  7038
  7040
  7043
  7046
  7047
  7051
  7054
  7057
  7058
  7059
  7061
  7064
  7065
  7068
  7071
  7074
  7075
  7078
  7079
  7082
  7083
  7086
  7089
  7092
  7095
  7098
  7101
  7104
  7107
  7108
  7110
  7112
  7114
  7116
  7119
  7121
  7123
  7124
  7126
  7128
  7130
  7132
  7134
  7138
  7142
  7146
  7148
  7151
  7154
  7155
  7156
  7158
  7160
  7161
  7162
  7165
  7168
  7169
  7172
  7173
  7176
  7179
  7183
  7186
  7189
  7192
  7196
  7199
  7202
  7205
  7208
  7211
  7214
  7217
  7220
  7221
  7222
  7226
  7229
  7230
  7234
  7237
  7238
  7242
  7243
  7244
  7248
  7249
  7250
  7254
  7255
  7258
  7261
  7262
  7265
  7268
  7271
  7275
  7278
  7281
  7284
  7288
  7291
  7294
  7298
  7301
  7304
  7307
  7310
  7313
  7316
  7320
  7321
  7324
  7327
  7330
  7333
  7334
  7337
  7338
  7341
  7344
  7347
  7350
  7352
  7355
  7357
  7360
  7361
  7364
  7365
  7368
  7369
  7372
  7373
  7376
  7379
  7382
  7383
  7385
  7388
  7390
  7392
  7396
  7399
  7400
  7403
  7406
  7409
  7410
  7413
  7414
  7417
  7420
  7421
  7424
  7427
  7430
  7431
  7435
  7437
  7440
  7443
  7444
  7447
  7448
  7451
  7454
  7455
  7458
  7459
  7462
  7463
  7466
  7467
  7470
  7471
  7474
  7477
  7481
  7482
  7485
  7486
  7489
  7490
  7493
  7496
  7497
  7500
  7501
  7502
  7505
  7506
  7509
  7512
  7513
  7516
  7518
  7521
  7524
  7525
  7528
  7529
  7532
  7533
  7536
  7539
  7540
  7542
  7544
  7547
  7549
  7552
  7554
  7557
  7560
  7563
  7564
  7567
  7568
  7569
  7572
  7573
  7576
  7577
  7580
  7581
  7584
  7585
  7588
  7591
  7594
  7597
  7600
  7602
  7605
  7607
  7610
  7614
  7617
  7618
  7621
  7623
  7624
  7626
  7628
  7629
  7632
  7634
  7637
  7640
  7643
  7646
  7649
  7652
  7655
  7657
  7659
  7662
  7665
  7667
  7670
  7672
  7675
  7677
  7678
  7683
  7686
  7689
  7692
  7695
  7696
  7699
  7700
  7703
  7705
  7708
  7709
  7710
  7713
  7715
  7718
  7721
  7724
  7728
  7731
  7734
  7735
  7738
  7741
  7744
  7745
  7749
  7750
  7753
  7754
  7755
  7758
  7760
  7761
  7764
  7765
  7768
  7769
  7772
  7774
  7776
  7779
  7782
  7785
  7786
  7787
  7790
  7793
  7796
  7799
  7802
  7803
  7806
  7807
  7810
  7811
  7814
  7815
  7818
  7819
  7822
  7825
  7828
  7831
  7834
  7837
  7840
  7842
  7845
  7849
  7852
  7855
  7858
  7861
  7863
  7866
  7869
  7872
  7875
  7877
  7880
  7883
  7885
  7888
  7891
  7894
  7896
  7900
  7902
  7905
  7906
  7909
  7912
  7916
  7918
  7921
  7923
  7926
  7928
  7931
  7934
  7937
  7939
  7942
  7945
  7948
  7952
  7954
  7957
  7959
  7962
  7965
  7966
  7970
  7971
  7974
  7976
  7979
  7983
  7986
  7988
  7991
  7995
  7998
  7999
  8002
  8006
  8009
  8013
  8017
  8018
  8019
  8023
  8025
  8028
  8031
  8034
  8035
  8038
  8041
  8044
  8048
  8052
  8055
  8058
  8062
  8065
  8068
  8071
  8074
  8077
  8080
  8081
  8084
  8087
  8090
  8093
  8096
  8097
  8099
  8101
  8103
  8106
  8110
  8111
  8114
  8115
  8119
  8122
  8124
  8126
  8128
  8130
  8132
  8134
  8136
  8138
  8140
  8142
  8145
  8147
  8149
  8152
  8155
  8156
  8158
  8161
  8164
  8166
  8169
  8170
  8173
  8174
  8177
  8178
  8180
  8183
  8185
  8188
  8189
  8192
  8194
  8195
  8198
  8200
  8203
  8206
  8209
  8210
  8213
  8214
  8217
  8218
  8221
  8222
  8226
  8229
  8230
  8232
  8235
  8237
  8240
  8243
  8246
  8249
  8250
  8253
  8254
  8255
  8257
  8260
  8263
  8264
  8268
  8270
  8272
  8274
  8276
  8277
  8281
  8284
  8288
  8291
  8292
  8295
  8297
  8298
  8301
  8302
  8305
  8308
  8311
  8314
  8315
  8316
  8319
  8320
  8323
  8324
  8327
  8330
  8332
  8335
  8337
  8340
  8343
  8344
  8347
  8348
  8351
  8354
  8357
  8360
  8363
  8366
  8369
  8371
  8374
  8375
  8378
  8381
  8385
  8389
  8393
  8394
  8397
  8400
  8403
  8406
  8409
  8412
  8415
  8418
  8421
  8424
  8427
  8430
  8431
  8434
  8436
  8439
  8440
  8443
  8446
  8447
  8450
  8453
  8457
  8458
  8461
  8463
  8464
  8468
  8471
  8473
  8475
  8477
  8479
  8481
  8483
  8485
  8487
  8489
  8491
  8494
  8497
  8499
  8501
  8503
  8506
  8508
  8511
  8513
  8516
  8518
  8520
  8522
  8524
  8527
  8531
  8534
  8536
  8539
  8540
  8543
  8545
  8548
  8550
  8553
  8555
  8556
  8559
  8560
  8562
  8565
  8568
  8571
  8572
  8573
  8576
  8577
  8580
  8581
  8584
  8586
  8590
  8592
  8595
  8598
  8600
  8603
  8604
  8607
  8610
  8612
  8615
  8619
  8621
  8623
  8625
  8626
  8627
  8628
  8629
  8632
  8635
  8636
  8639
  8642
  8645
  8648
  8651
  8653
  8655
  8657
  8659
  8662
  8663
  8664
  8667
  8670
  8673
  8676
  8679
  8682
  8685
  8688
  8690
  8691
  8694
  8696
  8699
  8700
  8703
  8705
  8708
  8711
  8713
  8716
  8719
  8721
  8724
  8726
  8728
  8730
  8732
  8735
  8738
  8740
  8742
  8743
  8745
  8748
  8751
  8754
  8756
  8758
  8760
  8762
  8765
  8768
  8773
  8776
  8779
  8781
  8783
  8785
  8789
  8791
  8794
  8798
  8800
  8802
  8804
  8806
  8809
  8811
  8814
  8816
  8819
  8821
  8823
  8825
  8828
  8831
  8833
  8836
  8838
  8841
  8844
  8846
  8847
  8850
  8853
  8856
  8859
  8862
  8864
  8865
  8866
  8869
  8871
  8873
  8876
  8878
  8880
  8884
  8887
  8889
  8892
  8894
  8895
  8898
  8899
  8902
  8905
  8908
  8911
  8913
  8915
  8917
  8920
  8923
  8926
  8929
  8931
  8934
  8936
  8938
  8941
  8944
  8948
  8950
  8951
  8953
  8955
  8958
  8961
  8963
  8966
  8967
  8970
  8974
  8977
  8980
  8984
  8987
  8991
  8992
  8994
  8997
  9000
  9002
  9005
  9006
  9010
  9012
  9013
  9016
  9019
  9020
  9024
  9026
  9029
  9032
  9035
  9039
  9042
  9045
  9048
  9049
  9050
  9053
  9057
  9058
  9061
  9064
  9066
  9068
  9071
  9073
  9076
  9079
  9081
  9084
  9086
  9089
  9091
  9094
  9097
  9100
  9101
  9103
  9104
  9107
  9109
  9110
  9113
  9115
  9117
  9120
  9123
  9126
  9129
  9132
  9134
  9137
  9140
  9141
  9144
  9147
  9149
  9151
  9153
  9156
  9159
  9163
  9165
  9167
  9170
  9171
  9172
  9174
  9175
  9178
  9179
  9182
  9184
  9185
  9187
  9188
  9191
  9194
  9197
  9200
  9203
  9205
  9208
  9209
  9212
  9214
  9217
  9220
  9223
  9224
  9225
  9228
  9230
  9233
  9235
  9238
  9239
  9242
  9245
  9248
  9250
  9253
  9256
  9259
  9261
  9263
  9265
  9268
  9270
  9272
  9274
  9276
  9278
  9282
  9283
  9287
  9289
  9293
  9296
  9298
  9301
  9304
  9305
  9308
  9311
  9315
  9317
  9319
  9321
  9323
  9326
  9327
  9329
  9331
  9333
  9335
  9338
  9340
  9343
  9346
  9349
  9352
  9354
  9357
  9361
  9363
  9366
  9368
  9370
  9373
  9376
  9378
  9381
  9382
  9384
  9386
  9387
  9388
  9391
  9393
  9396
  9399
  9401
  9404
  9407
  9410
  9411
  9414
  9417
  9419
  9422
  9424
  9427
  9430
  9432
  9435
  9437
  9441
  9443
  9446
  9449
  9452
  9456
  9459
  9462
  9465
  9468
  9471
  9473
  9475
  9477
  9479
  9481
  9482
  9486
  9489
  9491
  9494
  9497
  9499
  9502
  9505
  9507
  9509
  9511
  9514
  9517
  9520
  9522
  9524
  9526
  9529
  9532
  9535
  9538
  9541
  9544
  9545
  9548
  9551
  9553
  9555
  9557
  9560
  9563
  9566
  9568
  9570
  9572
  9574
  9576
  9578
  9582
  9584
  9588
  9590
  9592
  9596
  9598
  9600
  9603
  9605
  9608
  9610
  9614
  9617
  9619
  9620
  9623
  9626
  9628
  9631
  9633
  9637
  9639
  9641
  9645
  9647
  9651
  9654
  9656
  9658
  9662
  9664
  9666
  9668
  9670
  9672
  9674
  9676
  9679
  9681
  9683
  9685
  9687
  9689
  9692
  9694
  9697
  9700
  9702
  9706
  9708
  9709
  9711
  9714
  9716
  9718
  9720
  9722
  9724
  9726
  9728
  9730
  9732
  9735
  9737
  9739
  9741
  9743
  9745
  9747
  9749
  9751
  9753
  9755
  9757
  9759
  9761
  9763
  9765
  9767
  9770
  9774
  9777
  9780
  9782
  9785
  9789
  9792
  9793
  9796
  9799
  9801
  9803
  9805
  9807
  9809
  9811
  9814
  9816
  9818
  9820
  9822
  9824
  9825
  9827
  9829
  9832
  9835
  9837
  9840
  9842
  9846
  9848
  9850
  9851
  9857
  9861
  9863
  9865
  9868
  9871
  9874
  9877
  9880
  9882
  9884
  9888
  9890
  9894
  9898
  9902
  9905
  9907
  9909
  9911
  9915
  9918
  9919
  9921
  9923
  9925
  9927
  9929
  9931
  9933
  9934
  9936
  9938
  9940
  9942
  9944
  9948
  9950
  9952
  9954
  9958
  9960
  9963
  9965
  9967
  9969
  9972
  9974
  9977
  9980
  9983
  9984
  9987
  9989
  9992
  9994
  9996
 10000
 10003
 10007
 10010
 10013
 10015
 10018
 10020
 10024
 10026
 10028
 10030
 10032
 10034
 10038
 10042
 10045
 10049
 10053
 10057
 10059
 10061
 10064
 10066
 10069
 10071
 10074
 10076
 10080
 10081
 10083
 10085
 10088
 10091
 10095
 10097
 10099
 10101
 10103
 10105
 10107
 10110
 10113
 10115
 10116
 10118
 10120
 10122
 10125
 10128
 10131
 10132
 10134
 10136
 10139
 10141
 10142
 10144
 10147
 10148
 10151
 10152
 10155
 10156
 10159
 10160
 10163
 10167
 10170
 10171
 10172
 10173
 10174
 10175
 10178
 10180
 10183
 10184
 10187
 10190
 10193
 10194
 10195
 10197
 10199
 10200
 10201
 10203
 10205
 10208
 10210
 10214
 10217
 10220
 10222
 10225
 10226
 10229
 10231
 10233
 10236
 10238
 10240
 10242
 10244
 10248
 10252
 10256
 10258
 10260
 10263
 10266
 10269
 10272
 10275
 10278
 10281
 10285
 10287
 10289
 10291
 10293
 10296
 10297
 10300
 10301
 10304
 10307
 10310
 10311
 10314
 10316
 10317
 10320
 10323
 10326
 10327
 10330
 10332
 10334
 10337
 10340
 10341
 10344
 10345
 10348
 10349
 10350
 10354
 10356
 10359
 10360
 10363
 10366
 10369
 10371
 10372
 10375
 10377
 10379
 10381
 10383
 10386
 10389
 10391
 10392
 10394
 10397
 10398
 10401
 10404
 10405
 10409
 10413
 10416
 10419
 10420
 10423
 10425
 10428
 10431
 10434
 10437
 10440
 10441
 10444
 10445
 10448
 10449
 10452
 10453
 10456
 10459
 10462
 10463
 10466
 10468
 10471
 10474
 10477
 10480
 10481
 10483
 10486
 10488
 10491
 10493
 10496
 10499
 10502
 10505
 10508
 10511
 10514
 10517
 10519
 10522
 10523
 10526
 10529
 10531
 10533
 10536
 10538
 10540
 10542
 10545
 10549
 10553
 10555
 10557
 10560
 10561
 10564
 10567
 10570
 10574
 10577
 10578
 10581
 10582
 10585
 10586
 10589
 10590
 10593
 10595
 10598
 10600
 10602
 10605
 10606
 10609
 10610
 10613
 10616
 10619
 10620
 10622
 10623
 10626
 10629
 10630
 10633
 10634
 10637
 10639
 10642
 10644
 10645
 10648
 10650
 10651
 10654
 10657
 10658
 10661
 10662
 10665
 10666
 10669
 10672
 10675
 10676
 10678
 10681
 10683
 10684
 10686
 10688
 10690
 10693
 10694
 10697
 10699
 10701
 10703
 10705
 10706
 10709
 10712
 10715
 10718
 10720
 10722
 10724
 10727
 10730
 10731
 10734
 10738
 10741
 10744
 10745
 10748
 10749
 10750
 10753
 10754
 10757
 10760
 10762
 10764
 10766
 10768
 10770
 10772
 10775
 10776
 10777
 10780
 10781
 10784
 10787
 10788
 10791
 10794
 10796
 10799
 10801
 10804
 10807
 10810
 10812
 10815
 10818
 10820
 10823
 10825
 10828
 10829
 10831
 10832
 10834
 10836
 10838
 10840
 10842
 10845
 10847
 10849
 10851
 10853
 10857
 10859
 10862
 10865
 10868
 10871
 10874
 10876
 10879
 10882
 10883
 10884
 10887
 10890
 10893
 10897
 10900
 10902
 10903
 10906
 10908
 10910
 10913
 10914
 10916
 10919
 10922
 10925
 10928
 10931
 10934
 10937
 10938
 10941
 10942
 10945
 10947
 10949
 10950
 10953
 10956
 10959
 10962
 10965
 10966
 10967
 10970
 10973
 10975
 10977
 10978
 10979
 10982
 10985
 10986
 10987
 10990
 10993
 10996
 10997
 10998
 11001
 11003
 11004
 11007
 11008
 11009
 11010
 11012
 11015
 11016
 11019
 11022
 11025
 11026
 11029
 11030
 11033
 11034
 11037
 11038
 11039
 11042
 11043
 11046
 11049
 11052
 11053
 11056
 11059
 11060
 11063
 11066
 11069
 11070
 11074
 11077
 11078
 11081
 11084
 11085
 11088
 11089
 11090
 11094
 11095
 11098
 11101
 11104
 11107
 11108
 11111
 11112
 11115
 11118
 11119
 11122
 11123
 11126
 11127
 11128
 11131
 11134
 11135
 11137
 11140
 11144
 11146
 11149
 11150
 11153
 11155
 11158
 11159
 11160
 11163
 11166
 11168
 11171
 11173
 11174
 11176
 11179
 11180
 11183
 11184
 11187
 11190
 11191
 11192
 11195
 11196
 11199
 11203
 11204
 11207
 11208
 11211
 11212
 11215
 11216
 11218
 11220
 11223
 11224
 11227
 11230
 11231
 11234
 11235
 11236
 11239
 11242
 11245
 11248
 11249
 11252
 11255
 11256
 11259
 11260
 11261
 11262
 11265
 11266
 11268
 11269
 11272
 11273
 11276
 11277
 11280
 11282
 11283
 11286
 11287
 11290
 11293
 11294
 11297
 11299
 11300
 11303
 11304
 11305
 11306
 11307
 11310
 11313
 11314
 11317
 11318
 11321
 11322
 11325
 11326
 11327
 11330
 11331
 11334
 11335
 11336
 11338
 11339
 11342
 11345
 11348
 11349
 11351
 11352
 11355
 11356
 11359
 11360
 11361
 11364
 11365
 11368
 11371
 11374
 11375
 11378
 11381
 11382
 11383
 11386
 11387
 11390
 11393
 11395
 11396
 11399
 11402
 11403
 11404
 11407
 11411
 11414
 11415
 11418
 11420
 11421
 11424
 11426
 11427
 11430
 11432
 11436
 11437
 11438
 11441
 11444
 11445
 11448
 11449
 11450
 11453
 11454
 11457
 11460
 11463
 11466
 11469
 11470
 11473
 11474
 11475
 11476
 11477
 11479
 11482
 11485
 11486
 11489
 11490
 11491
 11494
 11497
 11498
 11501
 11502
 11505
 11506
 11509
 11510
 11513
 11516
 11517
 11520
 11522
 11525
 11526
 11527
 11529
 11532
 11533
 11536
 11539
 11540
 11544
 11545
 11546
 11547
 11550
 11551
 11553
 11556
 11559
 11560
 11563
 11564
 11565
 11568
 11571
 11572
 11575
 11578
 11581
 11584
 11587
 11589
 11592
 11593
 11594
 11597
 11598
 11599
 11602
 11603
 11604
 11607
 11610
 11611
 11612
 11614
 11617
 11620
 11623
 11624
 11627
 11628
 11631
 11632
 11633
 11635
 11637
 11638
 11641
 11642
 11645
 11648
 11650
 11653
 11656
 11657
 11660
 11661
 11664
 11665
 11669
 11671
 11674
 11677
 11678
 11680
 11681
 11684
 11687
 11688
 11691
 11694
 11697
 11698
 11701
 11705
 11706
 11707
 11710
 11711
 11712
 11713
 11716
 11719
 11721
 11724
 11725
 11726
 11729
 11732
 11735
 11737
 11740
 11741
 11744
 11745
 11746
 11749
 11752
 11753
 11754
 11757
 11758
 11762
 11763
 11766
 11769
 11770
 11771
 11774
 11775
 11778
 11779
 11780
 11783
 11786
 11789
 11790
 11793
 11796
 11797
 11800
 11803
 11804
 11806
 11809
 11812
 11815
 11816
 11819
 11822
 11825
 11826
 11829
 11830
 11833
 11834
 11837
 11839
 11841
 11842
 11845
 11846
 11849
 11851
 11854
 11855
 11858
 11859
 11860
 11863
 11866
 11867
 11868
 11871
 11875
 11877
 11880
 11881
 11882
 11885
 11886
 11889
 11892
 11893
 11894
 11897
 11900
 11903
 11904
 11907
 11910
 11913
 11916
 11917
 11918
 11919
 11922
 11923
 11926
 11929
 11932
 11933
 11934
 11935
 11936
 11939
 11942
 11943
 11946
 11947
 11950
 11953
 11954
 11955
 11956
 11959
 11960
 11963
 11966
 11967
 11970
 11973
 11975
 11976
 11979
 11982
 11983
 11984
 11987
 11990
 11992
 11994
 11995
 11998
 12001
 12003
 12006
 12009
 12013
 12015
 12018
 12021
 12022
 12025
 12028
 12029
 12032
 12035
 12036
 12040
 12044
 12048
 12051
 12052
 12053
 12056
 12057
 12060
 12063
 12064
 12066
 12069
 12073
 12076
 12079
 12080
 12081
 12085
 12087
 12089
 12092
 12095
 12098
 12100
 12101
 12103
 12106
 12109
 12110
 12113
 12114
 12117
 12120
 12121
 12122
 12125
 12126
 12128
 12131
 12132
 12135
 12136
 12139
 12142
 12144
 12147
 12148
 12151
 12152
 12153
 12156
 12159
 12162
 12166
 12168
 12170
 12171
 12172
 12175
 12177
 12178
 12181
 12184
 12187
 12189
 12191
 12192
 12195
 12198
 12200
 12203
 12206
 12208
 12209
 12212
 12214
 12217
 12220
 12223
 12224
 12227
 12228
 12229
 12232
 12235
 12237
 12240
 12241
 12244
 12245
 12248
 12249
 12252
 12253
 12256
 12259
 12260
 12263
 12264
 12267
 12270
 12271
 12272
 12274
 12275
 12278
 12281
 12282
 12285
 12286
 12289
 12290
 12293
 12296
 12297
 12300
 12303
 12304
 12307
 12308
 12311
 12312
 12313
 12316
 12319
 12320
 12323
 12324
 12325
 12328
 12329
 12332
 12334
 12335
 12337
 12338
 12341
 12344
 12345
 12346
 12349
 12352
 12354
 12357
 12358
 12361
 12362
 12365
 12367
 12368
 12371
 12372
 12375
 12376
 12379
 12382
 12385
 12386
 12389
 12390
 12393
 12394
 12397
 12400
 12402
 12405
 12408
 12409
 12412
 12413
 12416
 12419
 12421
 12422
 12425
 12428
 12431
 12434
 12437
 12439
 12442
 12445
 12448
 12451
 12452
 12455
 12457
 12458
 12462
 12463
 12466
 12469
 12470
 12471
 12473
 12476
 12477
 12478
 12481
 12482
 12485
 12488
 12489
 12492
 12493
 12494
 12497
 12498
 12502
 12505
 12506
 12507
 12510
 12511
 12515
 12516
 12519
 12522
 12523
 12526
 12527
 12530
 12531
 12534
 12537
 12538
 12541
 12542
 12543
 12544
 12547
 12548
 12549
 12550
 12551
 12553
 12556
 12560
 12564
 12567
 12570
 12573
 12576
 12577
 12580
 12582
 12585
 12588
 12592
 12594
 12597
 12600
 12603
 12606
 12607
 12610
 12611
 12614
 12617
 12620
 12623
 12624
 12627
 12630
 12633
 12634
 12637
 12638
 12641
 12642
 12643
 12646
 12647
 12650
 12653
 12654
 12657
 12659
 12660
 12662
 12665
 12666
 12669
 12672
 12675
 12678
 12681
 12682
 12685
 12688
 12691
 12693
 12694
 12697
 12700
 12702
 12703
 12705
 12707
 12710
 12713
 12714
 12715
 12716
 12717
 12720
 12723
 12725
 12728
 12729
 12730
 12733
 12734
 12737
 12740
 12743
 12746
 12749
 12751
 12752
 12755
 12756
 12759
 12762
 12763
 12766
 12769
 12770
 12773
 12774
 12777
 12778
 12781
 12784
 12787
 12790
 12793
 12794
 12795
 12798
 12800
 12803
 12804
 12807
 12810
 12813
 12816
 12817
 12819
 12822
 12823
 12826
 12830
 12831
 12834
 12836
 12839
 12842
 12845
 12848
 12851
 12853
 12855
 12858
 12860
 12863
 12864
 12867
 12869
 12870
 12873
 12876
 12878
 12879
 12882
 12884
 12887
 12890
 12891
 12892
 12895
 12898
 12900
 12901
 12904
 12907
 12908
 12911
 12912
 12913
 12915
 12918
 12919
 12920
 12923
 12926
 12928
 12931
 12934
 12937
 12940
 12941
 12942
 12945
 12948
 12949
 12952
 12953
 12954
 12957
 12960
 12961
 12963
 12966
 12967
 12969
 12970
 12973
 12976
 12977
 12980
 12982
 12985
 12986
 12987
 12990
 12993
 12996
 12999
 13002
 13003
 13005
 13006
 13009
 13012
 13013
 13014
 13017
 13018
 13019
 13022
 13023
 13026
 13027
 13030
 13033
 13036
 13039
 13040
 13043
 13044
 13047
 13050
 13051
 13054
 13055
 13056
 13059
 13060
 13063
 13064
 13067
 13070
 13073
 13076
 13077
 13080
 13081
 13082
 13085
 13086
 13088
 13091
 13094
 13096
 13099
 13101
 13102
 13105
 13106
 13109
 13110
 13113
 13116
 13117
 13120
 13124
 13127
 13128
 13131
 13132
 13133
 13135
 13138
 13142
 13145
 13147
 13148
 13149
 13150
 13153
 13156
 13157
 13160
 13163
 13164
 13165
 13168
 13171
 13172
 13173
 13175
 13178
 13180
 13181
 13184
 13185
 13188
 13191
 13193
 13196
 13197
 13200
 13202
 13203
 13206
 13209
 13210
 13213
 13214
 13217
 13220
 13221
 13225
 13228
 13230
 13231
 13234
 13238
 13239
 13242
 13244
 13245
 13248
 13249
 13252
 13255
 13258
 13259
 13262
 13263
 13266
 13267
 13270
 13273
 13276
 13279
 13280
 13282
 13284
 13287
 13290
 13291
 13294
 13295
 13298
 13299
 13302
 13305
 13307
 13310
 13311
 13312
 13315
 13318
 13321
 13322
 13325
 13327
 13330
 13333
 13334
 13335
 13338
 13341
 13342
 13345
 13348
 13349
 13351
 13354
 13356
 13357
 13359
 13362
 13365
 13366
 13369
 13372
 13375
 13376
 13380
 13381
 13384
 13387
 13390
 13391
 13394
 13395
 13398
 13399
 13401
 13404
 13405
 13408
 13409
 13410
 13412
 13415
 13418
 13419
 13422
 13425
 13426
 13427
 13430
 13432
 13433
 13435
 13438
 13441
 13444
 13447
 13449
 13451
 13453
 13455
 13458
 13459
 13460
 13463
 13466
 13467
 13470
 13471
 13472
 13475
 13478
 13481
 13482
 13483
 13486
 13489
 13493
 13496
 13498
 13501
 13502
 13505
 13508
 13511
 13512
 13515
 13518
 13521
 13522
 13525
 13527
 13530
 13532
 13535
 13537
 13538
 13540
 13543
 13547
 13550
 13553
 13554
 13557
 13558
 13561
 13563
 13564
 13567
 13568
 13571
 13574
 13577
 13578
 13581
 13583
 13584
 13588
 13592
 13593
 13596
 13600
 13603
 13606
 13608
 13610
 13612
 13614
 13616
 13618
 13619
 13621
 13623
 13625
 13626
 13628
 13632
 13636
 13639
 13641
 13643
 13644
 13647
 13649
 13650
 13653
 13655
 13657
 13660
 13663
 13665
 13667
 13669
 13670
 13674
 13675
 13677
 13680
 13682
 13684
 13686
 13688
 13690
 13692
 13694
 13696
 13698
 13701
 13704
 13706
 13708
 13712
 13714
 13717
 13719
 13722
 13724
 13726
 13729
 13731
 13733
 13735
 13737
 13739
 13741
 13743
 13745
 13747
 13750
 13752
 13754
 13756
 13758
 13761
 13763
 13765
 13767
 13768
 13770
 13772
 13774
 13776
 13778
 13779
 13781
 13783
 13786
 13789
 13792
 13794
 13797
 13800
 13802
 13804
 13806
 13808
 13812
 13814
 13817
 13818
 13820
 13823
 13824
 13826
 13828
 13829
 13830
 13833
 13835
 13837
 13841
 13843
 13844
 13846
 13849
 13851
 13852
 13855
 13858
 13861
 13862
 13864
 13866
 13869
 13871
 13873
 13876
 13878
 13880
 13882
 13884
 13887
 13888
 13891
 13893
 13895
 13896
 13898
 13900
 13901
 13903
 13905
 13907
 13909
 13912
 13914
 13917
 13920
 13922
 13924
 13927
 13930
 13932
 13935
 13936
 13938
 13942
 13944
 13947
 13949
 13951
 13953
 13955
 13957
 13960
 13962
 13964
 13966
 13969
 13972
 13975
 13977
 13979
 13982
 13983
 13985
 13986
 13989
 13992
 13994
 13996
 13997
 14000
 14002
 14005
 14007
 14009
 14011
 14013
 14015
 14017
 14019
 14021
 14023
 14025
 14027
 14029
 14032
 14034
 14035
 14038
 14041
 14043
 14045
 14047
 14049
 14053
 14056
 14060
 14063
 14065
 14069
 14071
 14074
 14076
 14078
 14080
 14084
 14087
 14089
 14092
 14094
 14096
 14098
 14101
 14103
 14105
 14107
 14109
 14113
 14115
 14117
 14119
 14122
 14125
 14128
 14130
 14133
 14136
 14138
 14142
 14145
 14148
 14152
 14156
 14159
 14160
 14162
 14164
 14166
 14168
 14170
 14172
 14175
 14177
 14179
 14181
 14184
 14186
 14188
 14192
 14195
 14197
 14199
 14201
 14204
 14206
 14209
 14212
 14215
 14218
 14222
 14224
 14225
 14228
 14231
 14234
 14237
 14240
 14242
 14244
 14246
 14248
 14250
 14252
 14255
 14256
 14259
 14261
 14263
 14265
 14267
 14271
 14275
 14279
 14282
 14285
 14287
 14289
 14293
 14295
 14298
 14301
 14304
 14307
 14309
 14311
 14314
 14316
 14318
 14320
 14322
 14325
 14327
 14329
 14331
 14334
 14336
 14338
 14340
 14343
 14345
 14347
 14350
 14352
 14355
 14357
 14360
 14362
 14366
 14368
 14370
 14372
 14373
 14374
 14377
 14380
 14383
 14385
 14388
 14389
 14392
 14393
 14395
 14398
 14400
 14402
 14404
 14406
 14408
 14410
 14412
 14414
 14416
 14419
 14421
 14423
 14425
 14427
 14429
 14432
 14435
 14437
 14439
 14441
 14443
 14446
 14448
 14450
 14451
 14453
 14454
 14457
 14458
 14459
 14460
 14462
 14464
 14466
 14468
 14470
 14472
 14474
 14476
 14477
 14479
 14480
 14481
 14482
 14483
 14485
 14487
 14489
 14491
 14493
 14495
 14497
 14498
 14500
 14501
 14502
 14505
 14507
 14508
 14509
 14512
 14514
 14517
 14519
 14520
 14522
 14523
 14524
 14525
 14528
 14531
 14533
 14535
 14537
 14539
 14541
 14543
 14545
 14546
 14548
 14551
 14554
 14555
 14557
 14559
 14562
 14564
 14566
 14569
 14571
 14573
 14575
 14577
 14579
 14581
 14583
 14586
 14588
 14590
 14593
 14595
 14598
 14601
 14604
 14606
 14609
 14611
 14613
 14615
 14618
 14620
 14622
 14624
 14625
 14628
 14630
 14631
 14633
 14634
 14636
 14639
 14641
 14644
 14645
 14647
 14649
 14650
 14652
 14653
 14656
 14657
 14659
 14660
 14662
 14664
 14666
 14668
 14670
 14672
 14673
 14675
 14679
 14682
 14684
 14686
 14688
 14690
 14691
 14693
 14696
 14699
 14702
 14704
 14706
 14707
 14709
 14710
 14713
 14715
 14718
 14719
 14722
 14724
 14725
 14727
 14729
 14731
 14733
 14735
 14737
 14739
 14742
 14744
 14746
 14749
 14750
 14752
 14754
 14756
 14758
 14760
 14763
 14764
 14766
 14769
 14772
 14774
 14776
 14780
 14782
 14784
 14786
 14788
 14790
 14792
 14794
 14796
 14799
 14802
 14806
 14808
 14811
 14815
 14818
 14819
 14820
 14821
 14822
 14825
 14828
 14831
 14833
 14834
 14837
 14839
 14842
 14844
 14845
 14848
 14849
 14851
 14853
 14855
 14859
 14861
 14864
 14868
 14871
 14874
 14875
 14879
 14881
 14883
 14887
 14889
 14892
 14894
 14897
 14899
 14902
 14904
 14906
 14909
 14912
 14913
 14916
 14918
 14920
 14921
 14923
 14926
 14930
 14933
 14936
 14939
 14942
 14943
 14944
 14947
 14950
 14954
 14957
 14960
 14963
 14966
 14969
 14972
 14975
 14978
 14981
 14983
 14985
 14988
 14991
 14994
 14996
 14999
 15002
 15004
 15007
 15008
 15010
 15011
 15013
 15015
 15018
 15020
 15022
 15024
 15026
 15028
 15030
 15031
 15032
 15035
 15036
 15039
 15040
 15042
 15045
 15048
 15049
 15051
 15053
 15055
 15057
 15060
 15062
 15063
 15065
 15067
 15070
 15072
 15073
 15076
 15079
 15082
 15083
 15086
 15087
 15090
 15092
 15095
 15096
 15098
 15101
 15103
 15105
 15107
 15109
 15111
 15113
 15115
 15117
 15119
 15121
 15123
 15125
 15127
 15129
 15132
 15134
 15137
 15141
 15144
 15145
 15146
 15149
 15150
 15154
 15156
 15159
 15163
 15165
 15167
 15168
 15171
 15173
 15175
 15177
 15179
 15181
 15183
 15185
 15188
 15192
 15195
 15199
 15201
 15203
 15205
 15207
 15209
 15211
 15213
 15215
 15219
 15222
 15224
 15226
 15227
 15229
 15231
 15233
 15236
 15238
 15242
 15244
 15245
 15248
 15250
 15254
 15257
 15259
 15262
 15265
 15267
 15269
 15273
 15275
 15277
 15280
 15282
 15285
 15287
 15290
 15293
 15296
 15298
 15300
 15302
 15304
 15306
 15308
 15309
 15312
 15314
 15316
 15318
 15321
 15323
 15326
 15329
 15332
 15334
 15336
 15338
 15340
 15344
 15346
 15348
 15350
 15352
 15353
 15355
 15358
 15361
 15365
 15367
 15369
 15371
 15373
 15375
 15378
 15379
 15382
 15385
 15387
 15389
 15392
 15394
 15397
 15400
 15403
 15404
 15406
 15410
 15411
 15414
 15416
 15419
 15421
 15423
 15425
 15427
 15429
 15431
 15433
 15436
 15440
 15444
 15446
 15449
 15451
 15452
 15454
 15456
 15458
 15460
 15462
 15464
 15466
 15469
 15471
 15473
 15475
 15477
 15479
 15482
 15484
 15487
 15489
 15491
 15494
 15496
 15498
 15501
 15502
 15504
 15506
 15509
 15511
 15515
 15517
 15519
 15520
 15522
 15523
 15525
 15527
 15530
 15533
 15534
 15536
 15538
 15540
 15543
 15545
 15547
 15549
 15551
 15553
 15555
 15558
 15560
 15562
 15563
 15564
 15566
 15569
 15571
 15575
 15577
 15579
 15581
 15582
 15584
 15586
 15587
 15589
 15592
 15595
 15598
 15600
 15602
 15604
 15607
 15609
 15611
 15613
 15614
 15616
 15618
 15620
 15622
 15624
 15626
 15628
 15630
 15632
 15634
 15635
 15636
 15638
 15640
 15642
 15645
 15647
 15649
 15651
 15653
 15655
 15657
 15659
 15662
 15665
 15668
 15670
 15672
 15674
 15678
 15680
 15682
 15685
 15687
 15689
 15693
 15696
 15699
 15701
 15702
 15705
 15708
 15710
 15712
 15714
 15717
 15719
 15723
 15725
 15726
 15728
 15730
 15733
 15734
 15736
 15740
 15742
 15744
 15747
 15749
 15753
 15754
 15758
 15762
 15763
 15765
 15768
 15769
 15772
 15773
 15776
 15777
 15779
 15781
 15783
 15785
 15787
 15789
 15791
 15793
 15795
 15797
 15800
 15803
 15804
 15806
 15808
 15809
 15811
 15813
 15816
 15818
 15821
 15823
 15826
 15829
 15830
 15832
 15833
 15836
 15839
 15842
 15845
 15847
 15849
 15852
 15853
 15856
 15859
 15861
 15864
 15865
 15867
 15868
 15870
 15872
 15875
 15877
 15880
 15882
 15884
 15887
 15889
 15892
 15894
 15897
 15899
 15903
 15906
 15909
 15913
 15916
 15917
 15920
 15922
 15923
 15925
 15928
 15930
 15933
 15935
 15936
 15939
 15941
 15942
 15944
 15946
 15947
 15948
 15951
 15953
 15956
 15958
 15960
 15962
 15964
 15967
 15970
 15973
 15974
 15977
 15980
 15983
 15986
 15988
 15989
 15991
 15994
 15996
 15999
 16000
 16002
 16004
 16005
 16008
 16010
 16012
 16014
 16016
 16018
 16021
 16022
 16025
 16027
 16030
 16032
 16034
 16036
 16037
 16039
 16042
 16044
 16046
 16048
 16050
 16052
 16054
 16056
 16058
 16060
 16061
 16064
 16066
 16069
 16070
 16072
 16073
 16076
 16077
 16079
 16081
 16083
 16085
 16089
 16092
 16093
 16096
 16099
 16100
 16104
 16107
 16110
 16111
 16113
 16115
 16118
 16121
 16124
 16125
 16128
 16131
 16133
 16135
 16138
 16139
 16142
 16144
 16146
 16150
 16154
 16157
 16160
 16162
 16165
 16167
 16169
 16172
 16174
 16177
 16179
 16181
 16183
 16185
 16187
 16189
 16191
 16194
 16197
 16199
 16201
 16203
 16206
 16209
 16211
 16213
 16215
 16217
 16218
 16221
 16224
 16226
 16229
 16230
 16232
 16234
 16237
 16239
 16242
 16244
 16248
 16249
 16250
 16252
 16254
 16256
 16257
 16259
 16261
 16265
 16266
 16269
 16271
 16274
 16276
 16278
 16280
 16282
 16285
 16287
 16289
 16291
 16293
 16295
 16297
 16299
 16302
 16305
 16306
 16309
 16312
 16314
 16316
 16318
 16320
 16321
 16324
 16326
 16328
 16330
 16331
 16333
 16334
 16335
 16337
 16340
 16343
 16345
 16348
 16351
 16353
 16355
 16357
 16359
 16362
 16364
 16367
 16368
 16370
 16372
 16374
 16377
 16378
 16379
 16382
 16385
 16387
 16389
 16392
 16395
 16398
 16401
 16404
 16405
 16408
 16411
 16415
 16420
 16422
 16424
 16427
 16428
 16430
 16432
 16435
 16438
 16441
 16443
 16446
 16448
 16451
 16453
 16455
 16459
 16461
 16463
 16467
 16469
 16471
 16474
 16475
 16477
 16479
 16481
 16484
 16485
 16488
 16489
 16491
 16494
 16497
 16498
 16499
 16502
 16504
 16505
 16507
 16510
 16513
 16515
 16517
 16519
 16522
 16525
 16528
 16530
 16532
 16534
 16536
 16538
 16540
 16542
 16544
 16546
 16548
 16551
 16554
 16555
 16558
 16560
 16562
 16564
 16566
 16568
 16571
 16572
 16574
 16576
 16578
 16579
 16581
 16583
 16584
 16586
 16589
 16590
 16593
 16594
 16595
 16597
 16599
 16601
 16603
 16606
 16607
 16610
 16612
 16614
 16616
 16618
 16620
 16622
 16625
 16626
 16627
 16630
 16632
 16634
 16636
 16638
 16640
 16642
 16644
 16646
 16648
 16651
 16654
 16659
 16662
 16665
 16666
 16669
 16671
 16674
 16675
 16677
 16681
 16682
 16685
 16687
 16689
 16691
 16694
 16696
 16699
 16702
 16703
 16705
 16708
 16711
 16715
 16718
 16721
 16724
 16725
 16728
 16729
 16732
 16735
 16739
 16742
 16743
 16746
 16747
 16749
 16751
 16753
 16755
 16757
 16760
 16761
 16763
 16765
 16769
 16771
 16773
 16775
 16777
 16779
 16783
 16785
 16787
 16789
 16791
 16793
 16795
 16798
 16800
 16802
 16803
 16806
 16809
 16810
 16813
 16814
 16817
 16819
 16821
 16823
 16825
 16828
 16831
 16833
 16835
 16838
 16841
 16843
 16847
 16850
 16852
 16854
 16857
 16859
 16861
 16864
 16867
 16869
 16873
 16875
 16879
 16882
 16885
 16887
 16889
 16892
 16894
 16896
 16898
 16901
 16904
 16907
 16910
 16911
 16913
 16916
 16917
 16919
 16922
 16925
 16926
 16928
 16930
 16931
 16934
 16935
 16938
 16941
 16943
 16945
 16947
 16950
 16952
 16954
 16958
 16959
 16961
 16964
 16967
 16970
 16971
 16974
 16977
 16979
 16982
 16983
 16986
 16988
 16989
 16992
 16994
 16996
 16998
 17000
 17002
 17004
 17005
 17007
 17010
 17012
 17015
 17017
 17020
 17023
 17027
 17029
 17031
 17034
 17039
 17041
 17044
 17047
 17050
 17052
 17055
 17057
 17060
 17063
 17065
 17067
 17070
 17072
 17074
 17075
 17077
 17079
 17083
 17086
 17089
 17091
 17093
 17095
 17097
 17100
 17102
 17105
 17108
 17112
 17114
 17116
 17118
 17120
 17122
 17124
 17128
 17130
 17133
 17135
 17138
 17140
 17144
 17146
 17148
 17150
 17152
 17154
 17157
 17160
 17162
 17163
 17165
 17167
 17169
 17171
 17174
 17176
 17179
 17181
 17183
 17185
 17188
 17190
 17192
 17194
 17196
 17198
 17200
 17202
 17204
 17206
 17208
 17210
 17212
 17214
 17216
 17218
 17220
 17223
 17225
 17228
 17230
 17232
 17234
 17237
 17239
 17243
 17245
 17249
 17251
 17254
 17256
 17258
 17260
 17262
 17264
 17267
 17270
 17272
 17275
 17277
 17279
 17281
 17285
 17287
 17290
 17292
 17294
 17296
 17298
 17301
 17305
 17307
 17310
 17312
 17314
 17316
 17318
 17320
 17322
 17323
 17325
 17327
 17331
 17335
 17338
 17340
 17342
 17345
 17347
 17350
 17354
 17357
 17359
 17362
 17365
 17368
 17370
 17373
 17376
 17378
 17380
 17382
 17384
 17387
 17390
 17392
 17394
 17397
 17399
 17402
 17404
 17406
 17408
 17410
 17412
 17414
 17417
 17419
 17421
 17423
 17425
 17427
 17430
 17432
 17434
 17436
 17438
 17440
 17443
 17445
 17447
 17449
 17451
 17453
 17455
 17457
 17459
 17461
 17463
 17465
 17468
 17470
 17472
 17474
 17476
 17478
 17480
 17482
 17484
 17486
 17488
 17490
 17492
 17494
 17496
 17498
 17500
 17503
 17507
 17508
 17511
 17514
 17516
 17519
 17522
 17525
 17527
 17528
 17531
 17534
 17535
 17538
 17540
 17542
 17544
 17546
 17550
 17552
 17554
 17556
 17558
 17561
 17563
 17567
 17569
 17571
 17573
 17575
 17576
 17579
 17582
 17584
 17587
 17589
 17591
 17593
 17594
 17596
 17598
 17601
 17603
 17606
 17609
 17611
 17613
 17617
 17619
 17622
 17624
 17626
 17629
 17630
 17632
 17634
 17637
 17639
 17641
 17644
 17647
 17649
 17651
 17652
 17653
 17655
 17659
 17660
 17661
 17664
 17666
 17669
 17671
 17675
 17677
 17679
 17680
 17681
 17684
 17685
 17688
 17690
 17693
 17695
 17698
 17700
 17702
 17704
 17706
 17708
 17709
 17711
 17713
 17715
 17716
 17719
 17721
 17724
 17727
 17728
 17731
 17734
 17737
 17738
 17741
 17742
 17744
 17746
 17749
 17751
 17753
 17755
 17757
 17758
 17761
 17764
 17766
 17767
 17768
 17769
 17772
 17773
 17775
 17777
 17779
 17781
 17784
 17786
 17788
 17791
 17792
 17794
 17796
 17799
 17802
 17805
 17806
 17809
 17810
 17813
 17815
 17818
 17819
 17821
 17822
 17825
 17828
 17829
 17831
 17833
 17834
 17837
 17838
 17839
 17842
 17844
 17845
 17846
 17849
 17851
 17854
 17856
 17858
 17861
 17864
 17867
 17868
 17870
 17872
 17873
 17874
 17877
 17879
 17881
 17882
 17883
 17886
 17889
 17890
 17892
 17894
 17897
 17899
 17900
 17902
 17904
 17906
 17908
 17910
 17912
 17914
 17916
 17918
 17920
 17921
 17924
 17926
 17928
 17929
 17931
 17933
 17934
 17936
 17939
 17941
 17943
 17945
 17947
 17949
 17951
 17954
 17957
 17958
 17960
 17963
 17964
 17967
 17970
 17972
 17974
 17976
 17978
 17980
 17982
 17984
 17986
 17988
 17991
 17993
 17996
 17998
 17999
 18001
 18003
 18006
 18009
 18013
 18014
 18016
 18019
 18021
 18022
 18024
 18026
 18028
 18030
 18033
 18035
 18037
 18040
 18042
 18043
 18045
 18049
 18051
 18054
 18055
 18057
 18058
 18062
 18064
 18066
 18069
 18070
 18073
 18076
 18078
 18080
 18083
 18085
 18086
 18088
 18090
 18093
 18095
 18097
 18099
 18101
 18103
 18105
 18107
 18109
 18111
 18113
 18115
 18117
 18118
 18121
 18123
 18124
 18127
 18130
 18131
 18132
 18135
 18138
 18139
 18140
 18142
 18144
 18145
 18148
 18150
 18152
 18155
 18157
 18159
 18161
 18162
 18165
 18167
 18169
 18171
 18173
 18175
 18177
 18179
 18182
 18185
 18188
 18189
 18191
 18193
 18195
 18199
 18201
 18204
 18207
 18210
 18212
 18214
 18216
 18220
 18222
 18226
 18228
 18230
 18232
 18234
 18236
 18238
 18241
 18243
 18245
 18247
 18249
 18251
 18253
 18255
 18257
 18259
 18260
 18262
 18265
 18268
 18271
 18275
 18278
 18279
 18281
 18283
 18285
 18287
 18289
 18290
 18292
 18294
 18296
 18298
 18300
 18302
 18303
 18306
 18309
 18312
 18315
 18316
 18319
 18320
 18323
 18327
 18329
 18331
 18333
 18335
 18337
 18339
 18343
 18345
 18347
 18349
 18351
 18353
 18355
 18357
 18359
 18361
 18363
 18365
 18367
 18370
 18372
 18374
 18377
 18379
 18381
 18383
 18385
 18387
 18389
 18391
 18393
 18395
 18397
 18399
 18401
 18403
 18405
 18408
 18409
 18412
 18415
 18417
 18421
 18423
 18425
 18427
 18429
 18431
 18433
 18435
 18437
 18439
 18441
 18443
 18445
 18447
 18449
 18453
 18455
 18459
 18463
 18465
 18467
 18469
 18471
 18473
 18475
 18478
 18480
 18482
 18484
 18486
 18488
 18490
 18492
 18494
 18496
 18498
 18500
 18502
 18504
 18505
 18508
 18510
 18512
 18514
 18517
 18520
 18522
 18524
 18527
 18529
 18531
 18533
 18535
 18537
 18539
 18541
 18543
 18546
 18549
 18550
 18552
 18554
 18557
 18559
 18562
 18564
 18566
 18569
 18573
 18575
 18577
 18580
 18583
 18586
 18589
 18591
 18593
 18596
 18598
 18601
 18604
 18607
 18611
 18613
 18615
 18619
 18622
 18624
 18628
 18631
 18634
 18636
 18638
 18640
 18642
 18644
 18647
 18650
 18653
 18656
 18659
 18662
 18664
 18666
 18668
 18670
 18672
 18674
 18676
 18678
 18681
 18683
 18685
 18688
 18689
 18691
 18694
 18695
 18696
 18698
 18701
 18702
 18706
 18708
 18711
 18714
 18716
 18719
 18723
 18726
 18729
 18730
 18733
 18735
 18737
 18739
 18741
 18743
 18745
 18747
 18750
 18751
 18752
 18755
 18758
 18760
 18764
 18766
 18769
 18772
 18775
 18776
 18779
 18781
 18783
 18785
 18786
 18789
 18790
 18793
 18795
 18797
 18801
 18802
 18805
 18807
 18810
 18813
 18816
 18817
 18820
 18823
 18826
 18828
 18831
 18833
 18836
 18837
 18840
 18843
 18846
 18849
 18850
 18854
 18857
 18859
 18861
 18864
 18865
 18868
 18869
 18872
 18873
 18876
 18878
 18880
 18882
 18884
 18886
 18888
 18890
 18892
 18895
 18897
 18899
 18901
 18902
 18905
 18906
 18909
 18910
 18913
 18915
 18916
 18917
 18918
 18920
 18923
 18925
 18927
 18929
 18931
 18932
 18934
 18937
 18940
 18942
 18944
 18947
 18948
 18951
 18952
 18954
 18955
 18957
 18959
 18961
 18963
 18965
 18967
 18968
 18969
 18970
 18972
 18974
 18976
 18977
 18980
 18981
 18983
 18984
 18986
 18989
 18991
 18993
 18995
 18998
 19001
 19004
 19006
 19008
 19010
 19012
 19014
 19016
 19018
 19020
 19022
 19024
 19026
 19028
 19030
 19032
 19034
 19036
 19037
 19040
 19041
 19044
 19045
 19048
 19049
 19051
 19053
 19055
 19057
 19061
 19063
 19065
 19067
 19069
 19071
 19073
 19075
 19077
 19079
 19081
 19083
 19085
 19088
 19089
 19092
 19094
 19095
 19097
 19099
 19100
 19102
 19104
 19106
 19110
 19112
 19114
 19116
 19118
 19121
 19123
 19125
 19127
 19129
 19131
 19133
 19135
 19137
 19140
 19142
 19144
 19146
 19148
 19150
 19152
 19153
 19155
 19157
 19158
 19161
 19163
 19165
 19167
 19169
 19171
 19173
 19175
 19177
 19179
 19183
 19185
 19187
 19189
 19191
 19195
 19197
 19199
 19201
 19203
 19205
 19207
 19209
 19211
 19213
 19217
 19219
 19221
 19223
 19225
 19229
 19233
 19235
 19237
 19239
 19241
 19244
 19245
 19248
 19252
 19253
 19255
 19258
 19261
 19264
 19267
 19270
 19273
 19274
 19277
 19279
 19280
 19282
 19285
 19287
 19289
 19292
 19295
 19298
 19301
 19304
 19306
 19308
 19311
 19313
 19315
 19317
 19319
 19322
 19323
 19325
 19327
 19330
 19331
 19334
 19335
 19338
 19340
 19343
 19345
 19347
 19349
 19351
 19353
 19356
 19357
 19360
 19363
 19365
 19367
 19369
 19371
 19372
 19375
 19377
 19379
 19382
 19383
 19386
 19388
 19390
 19393
 19396
 19397
 19399
 19401
 19403
 19405
 19407
 19409
 19411
 19413
 19415
 19417
 19419
 19421
 19423
 19425
 19427
 19428
 19431
 19432
 19434
 19436
 19438
 19440
 19442
 19445
 19446
 19449
 19452
 19455
 19457
 19460
 19463
 19466
 19468
 19471
 19474
 19477
 19480
 19482
 19484
 19486
 19488
 19491
 19492
 19495
 19496
 19499
 19500
 19502
 19503
 19506
 19507
 19509
 19513
 19517
 19518
 19520
 19524
 19526
 19528
 19530
 19531
 19535
 19537
 19540
 19542
 19545
 19546
 19549
 19550
 19552
 19554
 19556
 19558
 19560
 19564
 19567
 19570
 19573
 19575
 19577
 19580
 19581
 19583
 19585
 19587
 19589
 19591
 19593
 19595
 19598
 19601
 19602
 19604
 19607
 19608
 19610
 19612
 19615
 19616
 19619
 19620
 19621
 19624
 19627
 19628
 19629
 19631
 19633
 19634
 19637
 19640
 19641
 19643
 19645
 19647
 19650
 19653
 19655
 19656
 19658
 19662
 19664
 19666
 19668
 19671
 19673
 19675
 19677
 19679
 19681
 19683
 19685
 19687
 19689
 19691
 19694
 19698
 19702
 19705
 19707
 19708
 19710
 19712
 19714
 19716
 19719
 19722
 19723
 19726
 19727
 19729
 19731
 19733
 19735
 19737
 19739
 19741
 19743
 19745
 19747
 19749
 19751
 19753
 19756
 19759
 19760
 19763
 19764
 19767
 19770
 19771
 19774
 19776
 19778
 19780
 19782
 19784
 19786
 19788
 19790
 19794
 19796
 19798
 19800
 19802
 19804
 19806
 19808
 19810
 19812
 19814
 19816
 19818
 19820
 19823
 19826
 19828
 19830
 19832
 19834
 19836
 19838
 19839
 19840
 19843
 19844
 19847
 19849
 19851
 19852
 19856
 19859
 19860
 19863
 19864
 19866
 19868
 19870
 19872
 19874
 19877
 19878
 19881
 19884
 19885
 19888
 19889
 19892
 19893
 19896
 19897
 19900
 19901
 19903
 19906
 19907
 19909
 19911
 19912
 19915
 19918
 19921
 19924
 19925
 19927
 19928
 19930
 19932
 19934
 19936
 19938
 19939
 19941
 19944
 19946
 19948
 19950
 19952
 19954
 19956
 19957
 19958
 19959
 19962
 19964
 19967
 19968
 19971
 19972
 19975
 19976
 19977
 19979
 19980
 19981
 19984
 19987
 19988
 19990
 19992
 19994
 19997
 19999
 20001
 20002
 20005
 20007
 20009
 20011
 20013
 20016
 20017
 20020
 20021
 20023
 20025
 20027
 20029
 20031
 20033
 20035
 20037
 20039
 20041
 20045
 20047
 20049
 20051
 20053
 20055
 20057
 20059
 20062
 20064
 20066
 20068
 20070
 20072
 20074
 20076
 20078
 20080
 20082
 20084
 20086
 20088
 20090
 20092
 20094
 20096
 20098
 20100
 20102
 20104
 20106
 20108
 20110
 20112
 20114
 20116
 20118
 20120
 20122
 20124
 20126
 20127
 20128
 20130
 20132
 20134
 20136
 20138
 20140
 20142
 20144
 20146
 20148
 20150
 20153
 20155
 20157
 20159
 20161
 20163
 20165
 20167
 20169
 20171
 20173
 20175
 20177
 20179
 20181
 20183
 20185
 20188
 20191
 20193
 20195
 20197
 20199
 20201
 20203
 20205
 20208
 20209
 20211
 20213
 20215
 20217
 20219
 20221
 20223
 20225
 20227
 20229
 20231
 20233
 20235
 20237
 20239
 20241
 20243
 20245
 20247
 20249
 20251
 20252
 20254
 20256
 20258
 20260
 20261
 20264
 20266
 20268
 20270
 20271
 20273
 20275
 20277
 20279
 20281
 20283
 20285
 20287
 20289
 20291
 20293
 20295
 20297
 20299
 20301
 20303
 20305
 20307
 20309
 20311
 20313
 20316
 20318
 20320
 20322
 20324
 20326
 20328
 20330
 20333
 20335
 20337
 20339
 20341
 20343
 20345
 20347
 20349
 20351
 20354
 20356
 20358
 20360
 20362
 20364
 20366
 20368
 20370
 20372
 20374
 20376
 20378
 20380
 20382
 20384
 20386
 20388
 20390
 20392
 20394
 20396
 20398
 20400
 20402
 20404
 20406
 20408
 20409
 20412
 20414
 20416
 20418
 20420
 20422
 20424
 20426
 20428
 20430
 20432
 20434
 20437
 20439
 20442
 20444
 20448
 20450
 20452
 20454
 20458
 20461
 20463
 20465
 20467
 20469
 20472
 20474
 20476
 20478
 20480
 20482
 20484
 20486
 20488
 20490
 20492
 20493
 20495
 20497
 20499
 20501
 20503
 20505
 20507
 20509
 20512
 20516
 20518
 20520
 20522
 20524
 20526
 20528
 20530
 20532
 20534
 20536
 20537
 20539
 20541
 20543
 20545
 20547
 20549
 20551
 20553
 20555
 20557
 20559
 20561
 20563
 20565
 20567
 20569
 20571
 20573
 20575
 20577
 20579
 20580
 20584
 20586
 20588
 20590
 20592
 20594
 20596
 20598
 20600
 20602
 20606
 20610
 20614
 20618
 20622
 20624
 20626
 20628
 20630
 20634
 20636
 20640
 20644
 20647
 20649
 20652
 20654
 20656
 20660
 20662
 20666
 20670
 20674
 20676
 20678
 20680
 20682
 20684
 20686
 20688
 20690
 20692
 20694
 20696
 20698
 20700
 20702
 20704
 20706
 20710
 20712
 20714
 20716
 20718
 20721
 20723
 20725
 20728
 20730
 20733
 20735
 20736
 20739
 20740
 20742
 20746
 20750
 20754
 20756
 20758
 20760
 20762
 20764
 20765
 20767
 20769
 20771
 20773
 20776
 20778
 20780
 20782
 20784
 20787
 20788
 20790
 20792
 20794
 20797
 20798
 20801
 20802
 20805
 20806
 20809
 20810
 20813
 20814
 20817
 20818
 20820
 20824
 20826
 20828
 20831
 20833
 20835
 20837
 20839
 20841
 20844
 20846
 20848
 20850
 20852
 20854
 20856
 20857
 20859
 20862
 20864
 20866
 20868
 20870
 20872
 20875
 20877
 20879
 20881
 20883
 20885
 20887
 20889
 20891
 20895
 20899
 20901
 20903
 20905
 20907
 20909
 20913
 20917
 20919
 20921
 20922
 20924
 20926
 20928
 20931
 20933
 20935
 20937
 20939
 20940
 20942
 20945
 20947
 20949
 20951
 20955
 20957
 20959
 20961
 20963
 20965
 20967
 20969
 20971
 20973
 20975
 20977
 20979
 20981
 20983
 20986
 20988
 20991
 20993
 20995
 20997
 20999
 21001
 21003
 21005
 21007
 21010
 21012
 21014
 21016
 21018
 21020
 21022
 21023
 21024
 21026
 21028
 21030
 21032
 21034
 21036
 21039
 21041
 21043
 21045
 21046
 21048
 21050
 21051
 21052
 21055
 21056
 21058
 21060
 21061
 21063
 21065
 21067
 21071
 21073
 21075
 21077
 21079
 21081
 21084
 21085
 21088
 21089
 21092
 21093
 21095
 21097
 21099
 21100
 21103
 21105
 21109
 21111
 21113
 21115
 21116
 21119
 21120
 21122
 21124
 21126
 21128
 21130
 21132
 21134
 21136
 21138
 21140
 21142
 21145
 21146
 21148
 21149
 21152
 21155
 21157
 21158
 21159
 21162
 21164
 21165
 21168
 21169
 21171
 21172
 21174
 21176
 21178
 21180
 21182
 21184
 21186
 21190
 21193
 21195
 21197
 21199
 21201
 21204
 21205
 21208
 21210
 21211
 21213
 21215
 21217
 21219
 21221
 21222
 21224
 21227
 21229
 21231
 21234
 21236
 21239
 21241
 21244
 21246
 21248
 21250
 21253
 21254
 21256
 21259
 21261
 21263
 21265
 21267
 21270
 21272
 21274
 21276
 21278
 21279
 21281
 21284
 21288
 21291
 21293
 21295
 21297
 21299
 21303
 21307
 21310
 21313
 21315
 21317
 21320
 21322
 21326
 21329
 21331
 21334
 21338
 21339
 21341
 21342
 21344
 21347
 21348
 21349
 21352
 21354
 21357
 21361
 21365
 21367
 21369
 21371
 21373
 21375
 21377
 21380
 21382
 21383
 21385
 21387
 21389
 21391
 21392
 21396
 21397
 21399
 21401
 21404
 21406
 21408
 21410
 21412
 21415
 21418
 21421
 21422
 21423
 21425
 21427
 21429
 21432
 21435
 21436
 21438
 21440
 21442
 21444
 21447
 21449
 21453
 21455
 21457
 21459
 21462
 21464
 21465
 21467
 21469
 21472
 21475
 21477
 21479
 21480
 21482
 21484
 21486
 21488
 21490
 21492
 21495
 21497
 21499
 21501
 21503
 21506
 21508
 21512
 21515
 21517
 21521
 21524
 21528
 21532
 21533
 21534
 21536
 21538
 21541
 21542
 21545
 21549
 21552
 21553
 21555
 21558
 21562
 21564
 21566
 21569
 21571
 21575
 21576
 21578
 21581
 21582
 21585
 21588
 21589
 21591
 21593
 21597
 21601
 21602
 21604
 21605
 21608
 21609
 21610
 21613
 21614
 21616
 21619
 21622
 21623
 21626
 21627
 21628
 21629
 21632
 21635
 21638
 21640
 21641
 21644
 21646
 21648
 21651
 21652
 21654
 21655
 21658
 21661
 21662
 21665
 21666
 21667
 21671
 21673
 21675
 21676
 21679
 21681
 21685
 21687
 21690
 21691
 21694
 21695
 21698
 21699
 21702
 21705
 21706
 21707
 21710
 21711
 21712
 21714
 21715
 21718
 21719
 21722
 21723
 21726
 21729
 21732
 21733
 21736
 21738
 21739
 21742
 21745
 21746
 21747
 21750
 21751
 21754
 21757
 21760
 21763
 21766
 21769
 21770
 21773
 21774
 21777
 21778
 21779
 21782
 21783
 21784
 21787
 21788
 21791
 21792
 21793
 21796
 21797
 21800
 21801
 21802
 21805
 21806
 21809
 21812
 21815
 21816
 21819
 21820
 21823
 21824
 21827
 21828
 21831
 21832
 21835
 21836
 21839
 21840
 21841
 21842
 21843
 21844
 21845
 21848
 21851
 21852
 21855
 21856
 21859
 21860
 21863
 21864
 21867
 21868
 21871
 21872
 21875
 21876
 21877
 21880
 21881
 21884
 21885
 21888
 21889
 21892
 21893
 21896
 21897
 21898
 21901
 21902
 21905
 21906
 21909
 21910
 21913
 21914
 21917
 21919
 21922
 21923
 21926
 21927
 21930
 21931
 21932
 21935
 21936
 21939
 21940
 21941
 21944
 21947
 21948
 21951
 21954
 21957
 21960
 21962
 21964
 21967
 21968
 21972
 21974
 21975
 21977
 21979
 21982
 21985
 21986
 21987
 21990
 21993
 21994
 21996
 21998
 22001
 22004
 22008
 22010
 22012
 22015
 22017
 22019
 22021
 22024
 22026
 22029
 22031
 22033
 22036
 22039
 22041
 22043
 22046
 22047
 22048
 22050
 22051
 22052
 22054
 22055
 22057
 22058
 22059
 22062
 22065
 22068
 22071
 22074
 22075
 22076
 22077
 22078
 22079
 22082
 22083
 22085
 22086
 22089
 22092
 22093
 22096
 22098
 22101
 22104
 22107
 22108
 22109
 22111
 22114
 22116
 22118
 22120
 22121
 22124
 22125
 22128
 22130
 22131
 22133
 22135
 22136
 22138
 22141
 22144
 22146
 22149
 22150
 22152
 22153
 22156
 22159
 22162
 22165
 22166
 22169
 22171
 22173
 22176
 22178
 22179
 22182
 22183
 22184
 22187
 22189
 22192
 22195
 22196
 22199
 22202
 22203
 22205
 22206
 22208
 22210
 22213
 22216
 22219
 22222
 22225
 22227
 22229
 22232
 22233
 22234
 22236
 22240
 22241
 22242
 22243
 22244
 22245
 22249
 22253
 22257
 22260
 22264
 22267
 22270
 22272
 22275
 22278
 22279
 22282
 22283
 22286
 22287
 22289
 22293
 22294
 22297
 22298
 22300
 22301
 22304
 22305
 22307
 22310
 22311
 22313
 22314
 22316
 22317
 22318
 22321
 22322
 22325
 22326
 22329
 22330
 22333
 22335
 22337
 22338
 22340