47.0330397 15.4247016
47.0331243 15.4246674
47.0343358 15.4238917
47.034628 15.4237071
47.0348715 15.4236141
47.0350043 15.4244776
47.03518 15.4254221
47.0360357 15.4262649
47.036302 15.4271898
47.0364361 15.4279213
47.0364905 15.4281652
47.0365263 15.4283392
47.0366692 15.4289855
47.0368613 15.429863
47.0368859 15.4299898
47.0369161 15.4301452
47.0369169 15.430216
47.0369176 15.4302808
47.0376509 15.4303372
47.043438 15.4292161
47.0438858 15.4293866
47.0456329 15.4296769
47.0456545 15.4298296
47.0457088 15.4303054
47.045935 15.4323094
47.0461057 15.4328541
47.0462945 15.4329796
47.04704 15.4329361
47.0478847 15.4329041
47.0492982 15.4330512
47.0505091 15.4329319
47.0523663 15.4325667
47.0529045 15.4324339
47.0530544 15.4323927
47.0539631 15.4321495
47.0561615 15.4318567
47.0563886 15.4318282
47.0564686 15.431819
47.0571486 15.4317458
47.057278 15.4317268
47.0574473 15.4325881
47.057456 15.4330181
47.0575283 15.4336216
47.0575525 15.4338673
47.0575947 15.4343179
47.05761 15.4344818
47.057874 15.4346072
47.0588621 15.4343627
47.0599531 15.4340159
47.0607132 15.4338128
47.0626551 15.4337003
47.0628717 15.4337246
47.0639457 15.4338798
47.0642548 15.4339404
47.0644018 15.4339643
47.0649183 15.4340513
47.0654759 15.4341452
47.0664074 15.4342893
47.0666466 15.4343227
47.0670254 15.4343771
47.0675764 15.4344116
47.068899 15.4345657
47.069571 15.4346433
47.0700679 15.4346738
47.0709052 15.4345405
47.0712394 15.4344525
47.0724011 15.4341472
47.0728902 15.4340495
47.073483 15.4339262
47.0753569 15.4333415
47.0757962 15.4331256
47.0758582 15.4330975
47.0759053 15.4329609
47.0770048 15.4323961
47.0770711 15.4323511
47.0770852 15.4324117
47.0771152 15.4325277
47.0771457 15.4326456
47.0772605 15.4330898
47.0773408 15.4334023
47.077348 15.4334299
47.0773909 15.4335999
47.0775741 15.4343844
47.0776183 15.4345596
47.0781022 15.4343587
47.0787364 15.4339626
47.0793604 15.4335752
47.0798743 15.4332222
47.0806012 15.432771
47.0808621 15.4338486
47.0810181 15.4339864
47.0816646 15.433602
47.0817164 15.4335668
47.0824348 15.4330742
47.0827307 15.4328665
47.0828123 15.4328039
47.0830295 15.4326514
47.0839642 15.4319977
47.084185 15.4318441
47.084385 15.4317083
47.0855762 15.4308682
47.0864985 15.430226
47.0872198 15.4297178
47.0873665 15.4296173
47.0879317 15.4292237
47.0884573 15.4288596
47.0887969 15.4286204
47.0895995 15.4280561
47.0906302 15.4273279
47.0932337 15.4240807
47.0936412 15.4235713
47.0940869 15.4234961
47.0941654 15.4234961
47.0943954 15.4234305
47.0945171 15.4231906
47.0945642 15.4232602
47.0946325 15.4233613
47.094764 15.4234168
47.0949439 15.4234144
47.0953342 15.4234241
47.0954292 15.4234616
47.0958859 15.4236246
47.0988284 15.4235105
47.0991829 15.4238659
47.1005575 15.4251278
47.1012841 15.4257606
47.1017309 15.4259093
47.1020507 15.4260068
47.1036131 15.4260488
47.103995 15.4262379
47.1040686 15.4262952
47.1051927 15.4268136
47.1062638 15.4270866
47.1069398 15.4271521
47.1071941 15.427207
47.1078173 15.427436
47.1083632 15.4276376
47.1085625 15.4278153
47.1096993 15.4303056
47.1099249 15.4304986
47.110006 15.4305405
47.1100608 15.4305626
47.1106625 15.4306701
47.111208 15.4310959
47.1119722 15.4318939
47.1125763 15.4322186
47.1143347 15.4323159
47.1144291 15.4323585
47.1157895 15.4331903
47.1161996 15.4335554
47.1171042 15.4343394
47.1185138 15.4352339
47.1186041 15.4353585
47.1188124 15.4356527
47.11888 15.4357748
47.1190319 15.436173
47.1196668 15.4376319
47.1208289 15.438616
47.1213399 15.4394124
47.1220547 15.4399626
47.1244046 15.441807
47.1246158 15.4420981
47.1247418 15.4422375
47.1247947 15.4422941
47.125337 15.4430081
47.125986 15.4438037
47.1264879 15.4442189
47.1267378 15.4443445
47.1270866 15.4445556
47.1280036 15.446639
47.128108 15.4465612
47.1327094 15.4457347
