47.1097186 15.3962214
47.1097436 15.3977482
47.1097955 15.4003279
47.1097977 15.4010538
47.1097831 15.4022052
47.1097381 15.4029882
47.1102207 15.4030354
47.1106371 15.4030944
47.1116529 15.4040617
47.1118279 15.4049131
47.1124157 15.4069217
47.1124831 15.4070992
47.1129545 15.407863
47.1131995 15.4087839
47.1133767 15.4096315
47.1130939 15.4098062
47.112052 15.4105709
47.1115207 15.4121833
47.1111819 15.413515
47.1118182 15.4134484
47.1139296 15.4140896
47.114052 15.4135621
47.1140422 15.4133238
47.1151836 15.412096
47.1156236 15.4118042
47.1160902 15.4116908
47.1161245 15.4116781
47.1161568 15.4116622
47.1162948 15.4117579
47.1164624 15.4118604
47.1171684 15.4119101
47.1187228 15.4117909
47.1189278 15.4117222
47.1200755 15.4140499
47.1201127 15.4141542
47.120907 15.4161764
47.1221788 15.4174712
47.1203495 15.418285
47.1195187 15.4205664
47.1194878 15.4209486
47.1194339 15.4216273
47.1192704 15.4230243
47.1184306 15.4224026
47.1176469 15.4213198
47.1145402 15.42306
47.1138644 15.4237262
47.1135551 15.4236849
47.1131622 15.4234953
47.113049 15.4237412
47.1129991 15.4238148
47.112371 15.425157
47.1123381 15.425292
47.1116553 15.4281037
47.1116432 15.4281603
47.1116306 15.4282436
47.1115417 15.4288628
47.1113718 15.4303141
47.1112811 15.4309532
47.111208 15.4310959
47.1106625 15.4306701
47.1100608 15.4305626
47.110006 15.4305405
47.1099249 15.4304986
47.1096993 15.4303056
47.1079524 15.4337292
47.108226 15.4364704
47.107531 15.4408729
47.1075539 15.4450829
47.1085578 15.4474005
47.1087857 15.4483671
47.108292 15.4509271
47.1080678 15.4524331
47.1037274 15.4535079
47.1036489 15.4540479
47.1044225 15.4558219
47.1072187 15.4581066
47.1084482 15.4592234
47.10928 15.4634213
47.1092978 15.4634866
47.1157511 15.4692341
47.1202533 15.4704987
47.1206724 15.4682563
47.1231884 15.4638685
47.124048 15.449637
47.1243512 15.4456247
47.1248085 15.4437774
47.1247947 15.4422941
47.125337 15.4430081
47.125986 15.4438037
47.1264879 15.4442189
47.1267378 15.4443445
47.1270866 15.4445556
47.1280036 15.446639
47.128108 15.4465612
47.1327094 15.4457347
