47.1057039 15.517845
47.102177 15.5123135
47.1021308 15.5120216
47.1017257 15.5111437
47.1016699 15.510987
47.1015202 15.5105434
47.1056916 15.5061853
47.1046114 15.4967758
47.1045869 15.4960703
47.1052997 15.4955456
47.1065298 15.4934964
47.1069803 15.4927736
47.1066257 15.4914178
47.1064457 15.488973
47.1065128 15.4886507
47.1077891 15.4899231
47.1080435 15.4897696
47.1081199 15.4897341
47.109506 15.4893121
47.1095716 15.4892614
47.1109902 15.487203
47.1117373 15.4842918
47.1147521 15.4841427
47.1162658 15.4835616
47.1163459 15.4834748
47.1165439 15.4829283
47.116637 15.4807061
47.1166935 15.4786691
47.1181506 15.4775061
47.11838 15.4774551
47.1203545 15.4745647
47.120382 15.474493
47.1207606 15.4731903
47.1202533 15.4704987
47.1206724 15.4682563
47.1231884 15.4638685
47.124048 15.449637
47.1243512 15.4456247
47.1248085 15.4437774
47.1247947 15.4422941
47.125337 15.4430081
47.125986 15.4438037
47.1264879 15.4442189
47.1267378 15.4443445
47.1270866 15.4445556
47.1280036 15.446639
47.128108 15.4465612
47.1327094 15.4457347
