47.0330397 15.4247016
47.0331243 15.4246674
47.0343358 15.4238917
47.034628 15.4237071
47.0348715 15.4236141
47.0350043 15.4244776
47.03518 15.4254221
47.0360357 15.4262649
47.036302 15.4271898
47.0364361 15.4279213
47.0364905 15.4281652
47.0365263 15.4283392
47.0366692 15.4289855
47.0368613 15.429863
47.0368859 15.4299898
47.0369161 15.4301452
47.0369169 15.430216
47.0369176 15.4302808
47.0376509 15.4303372
47.043438 15.4292161
47.0438858 15.4293866
47.0456329 15.4296769
47.0463849 15.4294626
47.047641 15.429259
47.0490174 15.4289427
47.0490987 15.428916
47.0517431 15.4282934
47.0517557 15.4284007
47.0523421 15.4282623
47.0537633 15.4279076
47.0547324 15.4276281
47.0549056 15.4277132
47.0560336 15.4286069
47.0567237 15.4293729
47.056924 15.4298642
47.057119 15.4302923
47.0575489 15.4303954
47.0581773 15.4305568
47.0585687 15.4306463
47.0589372 15.4307212
47.0591048 15.4307757
47.0592431 15.4308157
47.0593509 15.4308447
47.0594184 15.4308687
47.0595405 15.4308858
47.059698 15.4308763
47.059873 15.430845
47.0603523 15.4307572
47.0604982 15.4307266
47.0608668 15.4306921
47.0619135 15.4308158
47.0623267 15.4308702
47.0630354 15.4308981
47.0633351 15.4310871
47.0639681 15.4313274
47.0642449 15.4313586
47.0644255 15.4314168
47.0644942 15.4314259
47.0647327 15.4314482
47.0649066 15.4314678
47.0654484 15.4314922
47.065891 15.4315399
47.0660143 15.4315619
47.066047 15.4315672
47.0660836 15.4315765
47.0665469 15.431791
47.0666602 15.4318439
47.067134 15.4321865
47.0675035 15.432564
47.0678951 15.4329427
47.0690907 15.4339608
47.0691289 15.433973
47.069592 15.4340315
47.069571 15.4346433
47.0695692 15.4347728
47.069542 15.4355881
47.0695401 15.435643
47.0695281 15.4357357
47.0706363 15.43558
47.0708059 15.4355673
47.0714794 15.4354559
47.0718794 15.4353654
47.0725253 15.4352213
47.0730061 15.4351393
47.0732445 15.4351114
47.0742329 15.434915
47.0742095 15.4352064
47.0756332 15.4346174
47.0766514 15.4346884
47.0767484 15.4346869
47.076918 15.4346651
47.0774374 15.4346163
47.0775202 15.4345764
47.0776183 15.4345596
47.0781022 15.4343587
47.0787364 15.4339626
47.0793604 15.4335752
47.0798743 15.4332222
47.0806012 15.432771
47.0821531 15.431447
47.0825494 15.4311441
47.0830137 15.4308134
47.0837293 15.4302284
47.0838841 15.4301517
47.084847 15.4296255
47.0852018 15.4291467
47.0870503 15.4274574
47.087262 15.4275276
47.087312 15.4275723
47.0873928 15.4274266
47.0877946 15.4267172
47.0879845 15.4265307
47.0885588 15.4262895
47.0894552 15.425898
47.0899816 15.4256045
47.0914193 15.4242943
47.0917714 15.42391
47.0919729 15.4236556
47.093057 15.4226296
47.0933094 15.4225158
47.0940073 15.4227256
47.0940588 15.4227587
47.0941035 15.4227878
47.0942381 15.4228815
47.0945171 15.4231906
47.0945642 15.4232602
47.0946325 15.4233613
47.094764 15.4234168
47.0949439 15.4234144
47.0953342 15.4234241
47.0954292 15.4234616
47.0958859 15.4236246
47.0988284 15.4235105
47.0991829 15.4238659
47.1005575 15.4251278
47.1012841 15.4257606
47.1017309 15.4259093
47.1020507 15.4260068
47.1036131 15.4260488
47.103995 15.4262379
47.1040686 15.4262952
47.1051927 15.4268136
47.1062638 15.4270866
47.1069398 15.4271521
47.1071941 15.427207
47.1078173 15.427436
47.1083632 15.4276376
47.1085625 15.4278153
47.1096993 15.4303056
47.1099249 15.4304986
47.110006 15.4305405
47.1100608 15.4305626
47.1106625 15.4306701
47.111208 15.4310959
47.1119722 15.4318939
47.1125763 15.4322186
47.1143347 15.4323159
47.1144291 15.4323585
47.1157895 15.4331903
47.1161996 15.4335554
47.1171042 15.4343394
47.1185138 15.4352339
47.1186041 15.4353585
47.1188124 15.4356527
47.11888 15.4357748
47.1190319 15.436173
47.1196668 15.4376319
47.1208289 15.438616
47.1213399 15.4394124
47.1220547 15.4399626
47.1244046 15.441807
47.1246158 15.4420981
47.1247418 15.4422375
47.1247947 15.4422941
47.125337 15.4430081
47.125986 15.4438037
47.1264879 15.4442189
47.1267378 15.4443445
47.1270866 15.4445556
47.1280036 15.446639
47.128108 15.4465612
47.1327094 15.4457347
