47.1097186 15.3962214
47.1097436 15.3977482
47.1097955 15.4003279
47.1097977 15.4010538
47.1097831 15.4022052
47.1097381 15.4029882
47.1102207 15.4030354
47.1106371 15.4030944
47.1116529 15.4040617
47.1118279 15.4049131
47.1124157 15.4069217
47.1124831 15.4070992
47.1129545 15.407863
47.1131995 15.4087839
47.1133767 15.4096315
47.1135883 15.4110342
47.1138277 15.4124249
47.1140422 15.4133238
47.114052 15.4135621
47.1139296 15.4140896
47.1139146 15.4181486
47.1139297 15.4184232
47.1139388 15.4192755
47.1138834 15.421273
47.1137846 15.422751
47.1137573 15.4232362
47.1138644 15.4237262
47.1139057 15.4238043
47.1139558 15.4238841
47.114024 15.4239893
47.1148849 15.4251664
47.1155515 15.426415
47.1156755 15.4266908
47.11623 15.4282
47.1167949 15.4291893
47.1176969 15.430583
47.1178754 15.4308046
47.117967 15.43096
47.1181786 15.4315428
47.1193965 15.4344459
47.1190382 15.4352188
47.1190077 15.4352978
47.1189779 15.4353561
47.118909 15.4354883
47.1188124 15.4356527
47.11888 15.4357748
47.1190319 15.436173
47.1196668 15.4376319
47.1208289 15.438616
47.1213399 15.4394124
47.1220547 15.4399626
47.1244046 15.441807
47.1246158 15.4420981
47.1247418 15.4422375
47.1247947 15.4422941
47.125337 15.4430081
47.125986 15.4438037
47.1264879 15.4442189
47.1267378 15.4443445
47.1270866 15.4445556
47.1280036 15.446639
47.128108 15.4465612
47.1327094 15.4457347
