47.0330397 15.4247016
47.0327693 15.424906
47.0318097 15.4255213
47.03126 15.4263797
47.0308704 15.4264402
47.0306155 15.4266442
47.0305257 15.4266044
47.0301778 15.4264807
47.0300643 15.4264402
47.0300241 15.4263011
47.0300646 15.4261051
47.0301361 15.4260333
47.0300708 15.4250238
47.0309651 15.4216282
47.0313395 15.4201652
47.0315033 15.4190752
47.031546 15.4183521
47.0315678 15.4177491
47.0316018 15.4166188
47.031539 15.4157082
47.0314189 15.4140219
47.0311976 15.4118379
47.0310013 15.4107367
47.0309834 15.4106628
47.0305509 15.4077095
47.0305524 15.4075595
47.0305563 15.407427
47.0306027 15.4066831
47.0306454 15.4063306
47.0306579 15.4061784
47.0307849 15.4052478
47.0308324 15.4047492
47.0308345 15.4044797
47.0308371 15.4038967
47.0307763 15.4027484
47.0306707 15.4014624
47.0306234 15.400921
47.0306021 15.4007701
47.0312481 15.4002952
47.0314445 15.4001409
47.0315782 15.4000359
47.0319902 15.3997338
47.032288 15.3995897
47.033113 15.399365
47.0334425 15.3992938
47.0337325 15.3992275
47.0338436 15.3992142
47.0340707 15.3991886
47.0342814 15.3991434
47.0348111 15.3989244
47.0352855 15.3986289
47.036456 15.3977642
47.0366315 15.397636
47.0371209 15.3972832
47.0372673 15.397182
47.0374107 15.3970837
47.0392737 15.3964651
47.0398863 15.3962977
47.0400915 15.3962477
47.0413874 15.3959895
47.0418716 15.3958988
47.0426781 15.3957451
47.0427776 15.3957229
47.0433085 15.3955764
47.0436607 15.395466
47.0450244 15.3951065
47.0459967 15.3948951
47.0466717 15.3948619
47.0472647 15.3948643
47.0474224 15.3948647
47.0482997 15.3948283
47.0485989 15.3948105
47.0489274 15.3947855
47.0494934 15.3947441
47.0495427 15.3947387
47.050001 15.3947424
47.0502649 15.3947433
47.0506267 15.3947676
47.050732 15.3947704
47.0512232 15.3947787
47.0513605 15.3947855
47.0514732 15.394794
47.0527183 15.3949102
47.0530021 15.3949368
47.0531515 15.3949578
47.0533497 15.3949842
47.0537889 15.3950329
47.0545488 15.3951172
47.0552434 15.3952007
47.0555648 15.395242
47.0559699 15.3952808
47.0561185 15.3952947
47.0562481 15.3953043
47.0565364 15.395342
47.0567654 15.3953764
47.0569519 15.3953936
47.0580152 15.3955907
47.0583804 15.3956795
47.0584427 15.3956924
47.0586874 15.3957438
47.0589214 15.3957786
47.0592256 15.3958143
47.0595031 15.3958441
47.0597849 15.3958759
47.0599437 15.3958938
47.0599246 15.3961249
47.0599042 15.3973237
47.0596962 15.3989398
47.059738 15.3999571
47.059736 15.4003634
47.0597245 15.4005179
47.0594994 15.403242
47.0598868 15.4032649
47.0599934 15.4032676
47.0601937 15.4032758
47.0615613 15.4033168
47.063201 15.4032107
47.0634343 15.4031939
47.0637996 15.4031623
47.0641738 15.4031405
47.0646563 15.4030961
47.0655409 15.4030258
47.0663083 15.4029763
47.0672889 15.402904
47.0682395 15.4028429
47.0682193 15.4045503
47.0682201 15.4046144
47.0681443 15.4082438
47.068288 15.4096688
47.0682962 15.4098124
47.0683079 15.4099622
47.0683344 15.410154
47.0683576 15.4103504
47.0683992 15.410752
47.068719 15.4133224
47.0688277 15.4141671
47.0689075 15.4147544
47.069282 15.4152266
47.0696211 15.4151703
47.0697664 15.4151284
47.0698702 15.4150951
47.0700731 15.4150398
47.0704639 15.414927
47.070725 15.4148506
47.070808 15.4148204
47.0712011 15.4146887
47.0713324 15.4146534
47.0727776 15.4142062
47.0729653 15.4141567
47.0737914 15.4138506
47.0752099 15.4133416
47.0770563 15.4124021
47.0785549 15.4115443
47.0786788 15.4114737
47.079234 15.4111536
47.0796558 15.4108941
47.082026 15.4095325
47.0824281 15.4092887
47.0829971 15.4089462
47.0840121 15.408245
47.0849772 15.4056438
47.0853024 15.4054686
47.0865926 15.4047088
47.087419 15.4042176
47.0883189 15.4037434
47.0901972 15.4027802
47.0913801 15.4019367
47.0920676 15.4014409
47.0923594 15.4012421
47.0924031 15.4011916
47.0924798 15.401141
47.0928367 15.4007995
47.0939844 15.399602
47.09388 15.4002566
47.0936914 15.4009753
47.0935499 15.4015183
47.0932407 15.4031425
47.0932645 15.4037528
47.0933692 15.4037175
47.0956247 15.4018159
47.0956782 15.4017369
47.0957201 15.4016866
47.095923 15.4016439
47.0959068 15.4017648
47.0959027 15.4022169
47.0959861 15.4024986
47.0960651 15.4029404
47.0959436 15.4037976
47.0959833 15.4043795
47.0959988 15.4045094
47.0961537 15.4052858
47.0962201 15.4055805
47.0963671 15.4061143
47.0964162 15.4062868
47.0964579 15.4064306
47.0965102 15.4065904
47.0963491 15.406822
47.0961032 15.4072085
47.0944774 15.4092977
47.0930048 15.4113707
47.0929804 15.4137014
47.0922109 15.4140102
47.0918236 15.414332
47.0917638 15.414394
47.0912918 15.4148633
47.0911433 15.4150172
47.0904954 15.4156579
47.0883615 15.4177839
47.0879673 15.4182874
47.0868068 15.4196436
47.0866992 15.4197723
47.0864583 15.4200582
47.0863336 15.4202067
47.0860779 15.4205149
47.0860224 15.4205801
47.0863228 15.4214722
47.086602 15.4223091
47.0868734 15.4231893
47.0872412 15.4243374
47.087275 15.424445
47.0873866 15.4246842
47.0879539 15.4264165
47.0879845 15.4265307
47.0885588 15.4262895
47.0894552 15.425898
47.0899816 15.4256045
47.0901834 15.4264038
47.0906302 15.4273279
47.0908348 15.4277552
47.091105 15.428081
47.0912368 15.4282475
47.0914908 15.4286088
47.0915354 15.4287286
47.0914101 15.4290308
47.091265 15.4296287
47.0913623 15.430095
47.0910334 15.4308276
47.0907422 15.4312594
47.0943528 15.4367963
47.0959935 15.4359099
47.09665 15.436829
47.096654 15.4393019
47.0967928 15.4393054
47.0966529 15.4421954
47.0967774 15.4437655
47.0968945 15.4438176
47.0975549 15.4467164
47.0977914 15.4470454
47.0988777 15.4483216
47.1022201 15.4509727
47.102836 15.4523367
47.1036489 15.4540479
47.1044225 15.4558219
47.1072187 15.4581066
47.1084482 15.4592234
47.10928 15.4634213
47.1092978 15.4634866
47.1157511 15.4692341
47.1202533 15.4704987
47.1206724 15.4682563
47.1231884 15.4638685
47.124048 15.449637
47.1243512 15.4456247
47.1248085 15.4437774
47.1247947 15.4422941
47.125337 15.4430081
47.125986 15.4438037
47.1264879 15.4442189
47.1267378 15.4443445
47.1270866 15.4445556
47.1280036 15.446639
47.128108 15.4465612
47.1327094 15.4457347
